date,n_neg,n_pos,pr100_pos,n_tests,n_neg_cumulative,n_pos_cumulative,n_tests_cumulative
2021-12-19,2649,444,14.4,3093,8677830,345319,9023149
2021-12-18,10307,1538,13.0,11845,8675181,344875,9020056
2021-12-17,26515,3423,11.4,29938,8664874,343337,9008211
2021-12-16,29536,4556,13.4,34092,8638359,339914,8978273
2021-12-15,31044,5005,13.9,36049,8608823,335358,8944181
2021-12-14,31307,5185,14.2,36492,8577779,330353,8908132
2021-12-13,32125,6630,17.1,38755,8546472,325168,8871640
2021-12-12,14146,3208,18.5,17354,8514347,318538,8832885
2021-12-11,14041,3165,18.4,17206,8500201,315330,8815531
2021-12-10,28069,5175,15.6,33244,8486160,312165,8798325
2021-12-09,26683,5299,16.6,31982,8458091,306990,8765081
2021-12-08,26386,5303,16.7,31689,8431408,301691,8733099
2021-12-07,25858,5509,17.6,31367,8405022,296388,8701410
2021-12-06,28324,6465,18.6,34789,8379164,290879,8670043
2021-12-05,11026,2896,20.8,13922,8350840,284414,8635254
2021-12-04,10766,2679,19.9,13445,8339814,281518,8621332
2021-12-03,21226,4288,16.8,25514,8329048,278839,8607887
2021-12-02,21794,4184,16.1,25978,8307822,274551,8582373
2021-12-01,20207,4069,16.8,24276,8286028,270367,8556395
2021-11-30,20138,3785,15.8,23923,8265821,266298,8532119
2021-11-29,21670,4684,17.8,26354,8245683,262513,8508196
2021-11-28,7817,1844,19.1,9661,8224013,257829,8481842
2021-11-27,7484,1796,19.4,9280,8216196,255985,8472181
2021-11-26,13782,2726,16.5,16508,8208712,254189,8462901
2021-11-25,15679,2821,15.2,18500,8194930,251463,8446393
2021-11-24,16324,2937,15.2,19261,8179251,248642,8427893
2021-11-23,16420,2797,14.6,19217,8162927,245705,8408632
2021-11-22,19937,3534,15.1,23471,8146507,242908,8389415
2021-11-21,7025,1351,16.1,8376,8126570,239374,8365944
2021-11-20,6814,1378,16.8,8192,8119545,238023,8357568
2021-11-19,13919,2220,13.8,16139,8112731,236645,8349376
2021-11-18,14839,2333,13.6,17172,8098812,234425,8333237
2021-11-17,16588,2433,12.8,19021,8083973,232092,8316065
2021-11-16,16610,2138,11.4,18748,8067385,229659,8297044
2021-11-15,19923,2860,12.6,22783,8050775,227521,8278296
2021-11-14,6941,1060,13.2,8001,8030852,224661,8255513
2021-11-13,6574,1088,14.2,7662,8023911,223601,8247512
2021-11-12,13420,1791,11.8,15211,8017337,222513,8239850
2021-11-11,15919,1773,10.0,17692,8003917,220722,8224639
2021-11-10,17167,1966,10.3,19133,7987998,218949,8206947
2021-11-09,16105,1753,9.8,17858,7970831,216983,8187814
2021-11-08,18333,2390,11.5,20723,7954726,215230,8169956
2021-11-07,6464,955,12.9,7419,7936393,212840,8149233
2021-11-06,5922,885,13.0,6807,7929929,211885,8141814
2021-11-05,12683,1456,10.3,14139,7924007,211000,8135007
2021-11-04,13368,1498,10.1,14866,7911324,209544,8120868
2021-11-03,15278,1650,9.7,16928,7897956,208046,8106002
2021-11-02,14269,1416,9.0,15685,7882678,206396,8089074
2021-11-01,16358,1975,10.8,18333,7868409,204980,8073389
2021-10-31,4996,687,12.1,5683,7852051,203005,8055056
2021-10-30,4762,605,11.3,5367,7847055,202318,8049373
2021-10-29,10750,1177,9.9,11927,7842293,201713,8044006
2021-10-28,12059,1143,8.7,13202,7831543,200536,8032079
2021-10-27,11730,1114,8.7,12844,7819484,199393,8018877
2021-10-26,11101,1055,8.7,12156,7807754,198279,8006033
2021-10-25,12966,1224,8.6,14190,7796653,197224,7993877
2021-10-24,4322,501,10.4,4823,7783687,196000,7979687
2021-10-23,3846,463,10.7,4309,7779365,195499,7974864
2021-10-22,7965,752,8.6,8717,7775519,195036,7970555
2021-10-21,8622,645,7.0,9267,7767554,194284,7961838
2021-10-20,9468,716,7.0,10184,7758932,193639,7952571
2021-10-19,8891,579,6.1,9470,7749464,192923,7942387
2021-10-18,11134,745,6.3,11879,7740573,192344,7932917
2021-10-17,3586,259,6.7,3845,7729439,191599,7921038
2021-10-16,3136,290,8.5,3426,7725853,191340,7917193
2021-10-15,6860,447,6.1,7307,7722717,191050,7913767
2021-10-14,7437,376,4.8,7813,7715857,190603,7906460
2021-10-13,8555,386,4.3,8941,7708420,190227,7898647
2021-10-12,8355,459,5.2,8814,7699865,189841,7889706
2021-10-11,11037,616,5.3,11653,7691510,189382,7880892
2021-10-10,3782,243,6.0,4025,7680473,188766,7869239
2021-10-09,3754,238,6.0,3992,7676691,188523,7865214
2021-10-08,7871,446,5.4,8317,7672937,188285,7861222
2021-10-07,9614,449,4.5,10063,7665066,187839,7852905
2021-10-06,10351,492,4.5,10843,7655452,187390,7842842
2021-10-05,10632,486,4.4,11118,7645101,186898,7831999
2021-10-04,13300,657,4.7,13957,7634469,186412,7820881
2021-10-03,4628,256,5.2,4884,7621169,185755,7806924
2021-10-02,4149,299,6.7,4448,7616541,185499,7802040
2021-10-01,9515,488,4.9,10003,7612392,185200,7797592
2021-09-30,11449,498,4.2,11947,7602877,184712,7787589
2021-09-29,12644,583,4.4,13227,7591428,184214,7775642
2021-09-28,12742,609,4.6,13351,7578784,183631,7762415
2021-09-27,16533,750,4.3,17283,7566042,183022,7749064
2021-09-26,5546,386,6.5,5932,7549509,182272,7731781
2021-09-25,5530,404,6.8,5934,7543963,181886,7725849
2021-09-24,13078,650,4.7,13728,7538433,181482,7719915
2021-09-23,16156,760,4.5,16916,7525355,180832,7706187
2021-09-22,19194,725,3.6,19919,7509199,180072,7689271
2021-09-21,21067,702,3.2,21769,7490005,179347,7669352
2021-09-20,26836,988,3.6,27824,7468938,178645,7647583
2021-09-19,8853,481,5.2,9334,7442102,177657,7619759
2021-09-18,8164,510,5.9,8674,7433249,177176,7610425
2021-09-17,15981,684,4.1,16665,7425085,176666,7601751
2021-09-16,20456,810,3.8,21266,7409104,175982,7585086
2021-09-15,23496,921,3.8,24417,7388648,175172,7563820
2021-09-14,24932,1012,3.9,25944,7365152,174251,7539403
2021-09-13,29312,1313,4.3,30625,7340220,173239,7513459
2021-09-12,10377,778,7.0,11155,7310908,171926,7482834
2021-09-11,9916,665,6.3,10581,7300531,171148,7471679
2021-09-10,22607,1183,5.0,23790,7290615,170483,7461098
2021-09-09,26082,1325,4.8,27407,7268008,169300,7437308
2021-09-08,29476,1382,4.5,30858,7241926,167975,7409901
2021-09-07,32679,1438,4.2,34117,7212450,166593,7379043
2021-09-06,38295,1784,4.5,40079,7179771,165155,7344926
2021-09-05,14866,954,6.0,15820,7141476,163371,7304847
2021-09-04,14893,992,6.2,15885,7126610,162417,7289027
2021-09-03,29373,1545,5.0,30918,7111717,161425,7273142
2021-09-02,33767,1523,4.3,35290,7082344,159880,7242224
2021-09-01,34395,1613,4.5,36008,7048577,158357,7206934
2021-08-31,36079,1624,4.3,37703,7014182,156744,7170926
2021-08-30,39393,1856,4.5,41249,6978103,155120,7133223
2021-08-29,15637,956,5.8,16593,6938710,153264,7091974
2021-08-28,15573,1000,6.0,16573,6923073,152308,7075381
2021-08-27,27278,1433,5.0,28711,6907500,151308,7058808
2021-08-26,29116,1394,4.6,30510,6880222,149875,7030097
2021-08-25,29935,1416,4.5,31351,6851106,148481,6999587
2021-08-24,28783,1334,4.4,30117,6821171,147065,6968236
2021-08-23,29613,1179,3.8,30792,6792388,145731,6938119
2021-08-22,11642,554,4.5,12196,6762775,144552,6907327
2021-08-21,11123,592,5.1,11715,6751133,143998,6895131
2021-08-20,20646,741,3.5,21387,6740010,143406,6883416
2021-08-19,19560,669,3.3,20229,6719364,142665,6862029
2021-08-18,19366,689,3.4,20055,6699804,141996,6841800
2021-08-17,18623,637,3.3,19260,6680438,141307,6821745
2021-08-16,20681,625,2.9,21306,6661815,140670,6802485
2021-08-15,9415,376,3.8,9791,6641134,140045,6781179
2021-08-14,9929,434,4.2,10363,6631719,139669,6771388
2021-08-13,17115,545,3.1,17660,6621790,139235,6761025
2021-08-12,17235,539,3.0,17774,6604675,138690,6743365
2021-08-11,18166,609,3.2,18775,6587440,138151,6725591
2021-08-10,17823,576,3.1,18399,6569274,137542,6706816
2021-08-09,21232,668,3.1,21900,6551451,136966,6688417
2021-08-08,9539,330,3.3,9869,6530219,136298,6666517
2021-08-07,9615,322,3.2,9937,6520680,135968,6656648
2021-08-06,16493,478,2.8,16971,6511065,135646,6646711
2021-08-05,17030,463,2.6,17493,6494572,135168,6629740
2021-08-04,17297,502,2.8,17799,6477542,134705,6612247
2021-08-03,16430,446,2.6,16876,6460245,134203,6594448
2021-08-02,18713,455,2.4,19168,6443815,133757,6577572
2021-08-01,8842,242,2.7,9084,6425102,133302,6558404
2021-07-31,9428,249,2.6,9677,6416260,133060,6549320
2021-07-30,15588,354,2.2,15942,6406832,132811,6539643
2021-07-29,14939,346,2.3,15285,6391244,132457,6523701
2021-07-28,15272,422,2.7,15694,6376305,132111,6508416
2021-07-27,14643,349,2.3,14992,6361033,131689,6492722
2021-07-26,16071,315,1.9,16386,6346390,131340,6477730
2021-07-25,7360,199,2.6,7559,6330319,131025,6461344
2021-07-24,7363,175,2.3,7538,6322959,130826,6453785
2021-07-23,12410,251,2.0,12661,6315596,130651,6446247
2021-07-22,13060,215,1.6,13275,6303186,130400,6433586
2021-07-21,12474,260,2.0,12734,6290126,130185,6420311
2021-07-20,11631,173,1.5,11804,6277652,129925,6407577
2021-07-19,14163,229,1.6,14392,6266021,129752,6395773
2021-07-18,6774,144,2.1,6918,6251858,129523,6381381
2021-07-17,6508,111,1.7,6619,6245084,129379,6374463
2021-07-16,11631,226,1.9,11857,6238576,129268,6367844
2021-07-15,12354,186,1.5,12540,6226945,129042,6355987
2021-07-14,12604,183,1.4,12787,6214591,128856,6343447
2021-07-13,11980,146,1.2,12126,6201987,128673,6330660
2021-07-12,14373,187,1.3,14560,6190007,128527,6318534
2021-07-11,6730,101,1.5,6831,6175634,128340,6303974
2021-07-10,7149,108,1.5,7257,6168904,128239,6297143
2021-07-09,14397,175,1.2,14572,6161755,128131,6289886
2021-07-08,16271,183,1.1,16454,6147358,127956,6275314
2021-07-07,15821,204,1.3,16025,6131087,127773,6258860
2021-07-06,13951,200,1.4,14151,6115266,127569,6242835
2021-07-05,17467,207,1.2,17674,6101315,127369,6228684
2021-07-04,7887,123,1.5,8010,6083848,127162,6211010
2021-07-03,7923,99,1.2,8022,6075961,127039,6203000
2021-07-02,15812,186,1.2,15998,6068038,126940,6194978
2021-07-01,17643,197,1.1,17840,6052226,126754,6178980
2021-06-30,18050,261,1.4,18311,6034583,126557,6161140
2021-06-29,15970,213,1.3,16183,6016533,126296,6142829
2021-06-28,19565,226,1.1,19791,6000563,126083,6126646
2021-06-27,8080,106,1.3,8186,5980998,125857,6106855
2021-06-26,7670,106,1.4,7776,5972918,125751,6098669
2021-06-25,16134,175,1.1,16309,5965248,125645,6090893
2021-06-24,16804,174,1.0,16978,5949114,125470,6074584
2021-06-23,16438,239,1.4,16677,5932310,125296,6057606
2021-06-22,16074,266,1.6,16340,5915872,125057,6040929
2021-06-21,19501,205,1.0,19706,5899798,124791,6024589
2021-06-20,8571,115,1.3,8686,5880297,124586,6004883
2021-06-19,9322,153,1.6,9475,5871726,124471,5996197
2021-06-18,16298,172,1.0,16470,5862404,124318,5986722
2021-06-17,17484,197,1.1,17681,5846106,124146,5970252
2021-06-16,17803,215,1.2,18018,5828622,123949,5952571
2021-06-15,17788,195,1.1,17983,5810819,123734,5934553
2021-06-14,21517,208,1.0,21725,5793031,123539,5916570
2021-06-13,7977,111,1.4,8088,5771514,123331,5894845
2021-06-12,7876,129,1.6,8005,5763537,123220,5886757
2021-06-11,16206,155,0.9,16361,5755661,123091,5878752
2021-06-10,16663,202,1.2,16865,5739455,122936,5862391
2021-06-09,17036,207,1.2,17243,5722792,122734,5845526
2021-06-08,16910,213,1.2,17123,5705756,122527,5828283
2021-06-07,20907,203,1.0,21110,5688846,122314,5811160
2021-06-06,7819,151,1.9,7970,5667939,122111,5790050
2021-06-05,7801,145,1.8,7946,5660120,121960,5782080
2021-06-04,17018,262,1.5,17280,5652319,121815,5774134
2021-06-03,19381,282,1.4,19663,5635301,121553,5756854
2021-06-02,20828,293,1.4,21121,5615920,121271,5737191
2021-06-01,19320,387,2.0,19707,5595092,120978,5716070
2021-05-31,23172,344,1.5,23516,5575772,120591,5696363
2021-05-30,9389,185,1.9,9574,5552600,120247,5672847
2021-05-29,8645,199,2.3,8844,5543211,120062,5663273
2021-05-28,19468,347,1.8,19815,5534566,119863,5654429
2021-05-27,20055,384,1.9,20439,5515098,119516,5634614
2021-05-26,23696,363,1.5,24059,5495043,119132,5614175
2021-05-25,28619,428,1.5,29047,5471347,118769,5590116
2021-05-24,16364,383,2.3,16747,5442728,118341,5561069
2021-05-23,13320,338,2.5,13658,5426364,117958,5544322
2021-05-22,13100,352,2.6,13452,5413044,117620,5530664
2021-05-21,25841,668,2.5,26509,5399944,117268,5517212
2021-05-20,25641,603,2.3,26244,5374103,116600,5490703
2021-05-19,25848,541,2.1,26389,5348462,115997,5464459
2021-05-18,26423,542,2.0,26965,5322614,115456,5438070
2021-05-17,5508,183,3.2,5691,5296191,114914,5411105
2021-05-16,9150,279,3.0,9429,5290683,114731,5405414
2021-05-15,9706,240,2.4,9946,5281533,114452,5395985
2021-05-14,17577,415,2.3,17992,5271827,114212,5386039
2021-05-13,11601,298,2.5,11899,5254250,113797,5368047
2021-05-12,18835,380,2.0,19215,5242649,113499,5356148
2021-05-11,21174,427,2.0,21601,5223814,113119,5336933
2021-05-10,25511,524,2.0,26035,5202640,112692,5315332
2021-05-09,10551,352,3.2,10903,5177129,112168,5289297
2021-05-08,9370,352,3.6,9722,5166578,111816,5278394
2021-05-07,18696,438,2.3,19134,5157208,111464,5268672
2021-05-06,19918,509,2.5,20427,5138512,111026,5249538
2021-05-05,22209,495,2.2,22704,5118594,110517,5229111
2021-05-04,21417,463,2.1,21880,5096385,110022,5206407
2021-05-03,24362,511,2.1,24873,5074968,109559,5184527
2021-05-02,9345,296,3.1,9641,5050606,109048,5159654
2021-05-01,8244,251,3.0,8495,5041261,108752,5150013
2021-04-30,18590,441,2.3,19031,5033017,108501,5141518
2021-04-29,19250,414,2.1,19664,5014427,108060,5122487
2021-04-28,20633,419,2.0,21052,4995177,107646,5102823
2021-04-27,20978,481,2.2,21459,4974544,107227,5081771
2021-04-26,24360,502,2.0,24862,4953566,106746,5060312
2021-04-25,9279,317,3.3,9596,4929206,106244,5035450
2021-04-24,9585,287,2.9,9872,4919927,105927,5025854
2021-04-23,20257,510,2.5,20767,4910342,105640,5015982
2021-04-22,19101,463,2.4,19564,4890085,105130,4995215
2021-04-21,19099,538,2.7,19637,4870984,104667,4975651
2021-04-20,18377,532,2.8,18909,4851885,104129,4956014
2021-04-19,22266,575,2.5,22841,4833508,103597,4937105
2021-04-18,8626,346,3.9,8972,4811242,103022,4914264
2021-04-17,9184,331,3.5,9515,4802616,102676,4905292
2021-04-16,17743,579,3.2,18322,4793432,102345,4895777
2021-04-15,19168,549,2.8,19717,4775689,101766,4877455
2021-04-14,21364,601,2.7,21965,4756521,101217,4857738
2021-04-13,20975,595,2.8,21570,4735157,100616,4835773
2021-04-12,27003,738,2.7,27741,4714182,100021,4814203
2021-04-11,10769,396,3.5,11165,4687179,99283,4786462
2021-04-10,12612,496,3.8,13108,4676410,98887,4775297
2021-04-09,23392,712,3.0,24104,4663798,98391,4762189
2021-04-08,22335,769,3.3,23104,4640406,97679,4738085
2021-04-07,25322,848,3.2,26170,4618071,96910,4714981
2021-04-06,30451,888,2.8,31339,4592749,96062,4688811
2021-04-05,16027,715,4.3,16742,4562298,95174,4657472
2021-04-04,10739,653,5.7,11392,4546271,94459,4640730
2021-04-03,10251,612,5.6,10863,4535532,93806,4629338
2021-04-02,10677,699,6.1,11376,4525281,93194,4618475
2021-04-01,9903,624,5.9,10527,4514604,92495,4607099
2021-03-31,17609,805,4.4,18414,4504701,91871,4596572
2021-03-30,20996,849,3.9,21845,4487092,91066,4578158
2021-03-29,29532,865,2.8,30397,4466096,90217,4556313
2021-03-28,13640,477,3.4,14117,4436564,89352,4525916
2021-03-27,17197,602,3.4,17799,4422924,88875,4511799
2021-03-26,32137,895,2.7,33032,4405727,88273,4494000
2021-03-25,32519,871,2.6,33390,4373590,87378,4460968
2021-03-24,33773,1001,2.9,34774,4341071,86507,4427578
2021-03-23,31964,967,2.9,32931,4307298,85506,4392804
2021-03-22,35962,1107,3.0,37069,4275334,84539,4359873
2021-03-21,14951,649,4.2,15600,4239372,83432,4322804
2021-03-20,16540,709,4.1,17249,4224421,82783,4307204
2021-03-19,29090,1001,3.3,30091,4207881,82074,4289955
2021-03-18,30682,1044,3.3,31726,4178791,81073,4259864
2021-03-17,31732,1059,3.2,32791,4148109,80029,4228138
2021-03-16,29884,1007,3.3,30891,4116377,78970,4195347
2021-03-15,34308,1107,3.1,35415,4086493,77963,4164456
2021-03-14,15847,698,4.2,16545,4052185,76856,4129041
2021-03-13,16354,737,4.3,17091,4036338,76158,4112496
2021-03-12,28855,950,3.2,29805,4019984,75421,4095405
2021-03-11,29775,780,2.6,30555,3991129,74471,4065600
2021-03-10,30688,855,2.7,31543,3961354,73691,4035045
2021-03-09,30870,798,2.5,31668,3930666,72836,4003502
2021-03-08,35084,846,2.4,35930,3899796,72038,3971834
2021-03-07,14944,572,3.7,15516,3864712,71192,3935904
2021-03-06,15199,465,3.0,15664,3849768,70620,3920388
2021-03-05,25510,703,2.7,26213,3834569,70155,3904724
2021-03-04,24277,601,2.4,24878,3809059,69452,3878511
2021-03-03,23776,659,2.7,24435,3784782,68851,3853633
2021-03-02,23333,639,2.7,23972,3761006,68192,3829198
2021-03-01,26386,551,2.0,26937,3737673,67553,3805226
2021-02-28,10931,392,3.5,11323,3711287,67002,3778289
2021-02-27,10165,381,3.6,10546,3700356,66610,3766966
2021-02-26,19113,493,2.5,19606,3690191,66229,3756420
2021-02-25,18208,527,2.8,18735,3671078,65736,3736814
2021-02-24,17785,461,2.5,18246,3652870,65209,3718079
2021-02-23,16657,445,2.6,17102,3635085,64748,3699833
2021-02-22,20128,411,2.0,20539,3618428,64303,3682731
2021-02-21,7445,221,2.9,7666,3598300,63892,3662192
2021-02-20,8697,216,2.4,8913,3590855,63671,3654526
2021-02-19,17777,338,1.9,18115,3582158,63455,3645613
2021-02-18,18452,301,1.6,18753,3564381,63117,3627498
2021-02-17,19560,320,1.6,19880,3545929,62816,3608745
2021-02-16,19375,305,1.5,19680,3526369,62496,3588865
2021-02-15,21931,332,1.5,22263,3506994,62191,3569185
2021-02-14,6577,160,2.4,6737,3485063,61859,3546922
2021-02-13,8184,185,2.2,8369,3478486,61699,3540185
2021-02-12,17852,247,1.4,18099,3470302,61514,3531816
2021-02-11,17543,262,1.5,17805,3452450,61267,3513717
2021-02-10,19113,310,1.6,19423,3434907,61005,3495912
2021-02-09,20705,270,1.3,20975,3415794,60695,3476489
2021-02-08,22618,301,1.3,22919,3395089,60425,3455514
2021-02-07,6711,167,2.4,6878,3372471,60124,3432595
2021-02-06,7395,198,2.6,7593,3365760,59957,3425717
2021-02-05,15786,288,1.8,16074,3358365,59759,3418124
2021-02-04,17379,253,1.4,17632,3342579,59471,3402050
2021-02-03,17634,325,1.8,17959,3325200,59218,3384418
2021-02-02,17522,294,1.7,17816,3307566,58893,3366459
2021-02-01,22310,319,1.4,22629,3290044,58599,3348643
2021-01-31,6954,182,2.6,7136,3267734,58280,3326014
2021-01-30,7138,175,2.4,7313,3260780,58098,3318878
2021-01-29,17653,295,1.6,17948,3253642,57923,3311565
2021-01-28,20152,285,1.4,20437,3235989,57628,3293617
2021-01-27,20405,344,1.7,20749,3215837,57343,3273180
2021-01-26,21071,276,1.3,21347,3195432,56999,3252431
2021-01-25,27556,387,1.4,27943,3174361,56723,3231084
2021-01-24,9390,189,2.0,9579,3146805,56336,3203141
2021-01-23,8278,212,2.5,8490,3137415,56147,3193562
2021-01-22,14747,331,2.2,15078,3129137,55935,3185072
2021-01-21,14905,345,2.3,15250,3114390,55604,3169994
2021-01-20,17211,354,2.0,17565,3099485,55259,3154744
2021-01-19,17512,342,1.9,17854,3082274,54905,3137179
2021-01-18,22875,446,1.9,23321,3064762,54563,3119325
2021-01-17,8425,226,2.6,8651,3041887,54117,3096004
2021-01-16,8402,267,3.1,8669,3033462,53891,3087353
2021-01-15,18201,398,2.1,18599,3025060,53624,3078684
2021-01-14,19751,454,2.2,20205,3006859,53226,3060085
2021-01-13,21799,462,2.1,22261,2987108,52772,3039880
2021-01-12,22964,563,2.4,23527,2965309,52310,3017619
2021-01-11,31977,639,2.0,32616,2942345,51747,2994092
2021-01-10,14241,435,3.0,14676,2910368,51108,2961476
2021-01-09,14981,414,2.7,15395,2896127,50673,2946800
2021-01-08,26990,651,2.4,27641,2881146,50259,2931405
2021-01-07,28477,738,2.5,29215,2854156,49608,2903764
2021-01-06,29111,710,2.4,29821,2825679,48870,2874549
2021-01-05,30902,794,2.5,31696,2796568,48160,2844728
2021-01-04,37015,938,2.5,37953,2765666,47366,2813032
2021-01-03,14863,447,2.9,15310,2728651,46428,2775079
2021-01-02,14825,526,3.4,15351,2713788,45981,2759769
2021-01-01,6922,346,4.8,7268,2698963,45455,2744418
2020-12-31,8632,434,4.8,9066,2692041,45109,2737150
2020-12-30,18463,639,3.3,19102,2683409,44675,2728084
2020-12-29,18633,699,3.6,19332,2664946,44036,2708982
2020-12-28,21001,778,3.6,21779,2646313,43337,2689650
2020-12-27,9891,425,4.1,10316,2625312,42559,2667871
2020-12-26,10472,466,4.3,10938,2615421,42134,2657555
2020-12-25,6303,293,4.4,6596,2604949,41668,2646617
2020-12-24,5797,292,4.8,6089,2598646,41375,2640021
2020-12-23,17762,587,3.2,18349,2592849,41083,2633932
2020-12-22,25995,560,2.1,26555,2575087,40496,2615583
2020-12-21,31224,621,2.0,31845,2549092,39936,2589028
2020-12-20,12423,299,2.4,12722,2517868,39315,2557183
2020-12-19,13004,309,2.3,13313,2505445,39016,2544461
2020-12-18,23801,475,2.0,24276,2492441,38707,2531148
2020-12-17,23535,431,1.8,23966,2468640,38232,2506872
2020-12-16,22687,450,1.9,23137,2445105,37801,2482906
2020-12-15,22177,440,1.9,22617,2422418,37351,2459769
2020-12-14,25583,544,2.1,26127,2400241,36911,2437152
2020-12-13,8856,285,3.1,9141,2374658,36367,2411025
2020-12-12,8723,256,2.9,8979,2365802,36082,2401884
2020-12-11,17416,403,2.3,17819,2357079,35826,2392905
2020-12-10,18893,436,2.3,19329,2339663,35423,2375086
2020-12-09,18475,453,2.4,18928,2320770,34987,2355757
2020-12-08,18658,392,2.1,19050,2302295,34534,2336829
2020-12-07,23211,500,2.1,23711,2283637,34142,2317779
2020-12-06,7102,262,3.6,7364,2260426,33642,2294068
2020-12-05,6557,252,3.7,6809,2253324,33380,2286704
2020-12-04,15321,382,2.4,15703,2246767,33128,2279895
2020-12-03,17186,400,2.3,17586,2231446,32746,2264192
2020-12-02,17251,420,2.4,17671,2214260,32346,2246606
2020-12-01,18021,362,2.0,18383,2197009,31926,2228935
2020-11-30,22584,448,1.9,23032,2178988,31564,2210552
2020-11-29,6885,228,3.2,7113,2156404,31116,2187520
2020-11-28,6785,236,3.4,7021,2149519,30888,2180407
2020-11-27,15500,447,2.8,15947,2142734,30652,2173386
2020-11-26,18134,477,2.6,18611,2127234,30205,2157439
2020-11-25,18928,513,2.6,19441,2109100,29728,2138828
2020-11-24,19120,415,2.1,19535,2090172,29215,2119387
2020-11-23,25193,610,2.4,25803,2071052,28800,2099852
2020-11-22,8088,279,3.3,8367,2045859,28190,2074049
2020-11-21,8012,288,3.5,8300,2037771,27911,2065682
2020-11-20,17627,519,2.9,18146,2029759,27623,2057382
2020-11-19,18826,564,2.9,19390,2012132,27104,2039236
2020-11-18,20974,652,3.0,21626,1993306,26540,2019846
2020-11-17,21198,635,2.9,21833,1972332,25888,1998220
2020-11-16,27828,722,2.5,28550,1951134,25253,1976387
2020-11-15,10556,405,3.7,10961,1923306,24531,1947837
2020-11-14,9537,379,3.8,9916,1912750,24126,1936876
2020-11-13,21474,697,3.1,22171,1903213,23747,1926960
2020-11-12,23054,637,2.7,23691,1881739,23050,1904789
2020-11-11,23201,662,2.8,23863,1858685,22413,1881098
2020-11-10,25130,603,2.3,25733,1835484,21751,1857235
2020-11-09,30463,707,2.3,31170,1810354,21148,1831502
2020-11-08,11366,385,3.3,11751,1779891,20441,1800332
2020-11-07,12178,388,3.1,12566,1768525,20056,1788581
2020-11-06,26732,650,2.4,27382,1756347,19668,1776015
2020-11-05,27291,602,2.2,27893,1729615,19018,1748633
2020-11-04,25187,690,2.7,25877,1702324,18416,1720740
2020-11-03,26652,682,2.5,27334,1677137,17726,1694863
2020-11-02,27397,647,2.3,28044,1650485,17044,1667529
2020-11-01,9428,323,3.3,9751,1623088,16397,1639485
2020-10-31,9258,385,4.0,9643,1613660,16074,1629734
2020-10-30,20073,617,3.0,20690,1604402,15689,1620091
2020-10-29,20665,431,2.0,21096,1584329,15072,1599401
2020-10-28,20852,514,2.4,21366,1563664,14641,1578305
2020-10-27,20684,391,1.9,21075,1542812,14127,1556939
2020-10-26,23166,487,2.1,23653,1522128,13736,1535864
2020-10-25,7636,202,2.6,7838,1498962,13249,1512211
2020-10-24,7300,231,3.1,7531,1491326,13047,1504373
2020-10-23,15122,368,2.4,15490,1484026,12816,1496842
2020-10-22,15380,285,1.8,15665,1468904,12448,1481352
2020-10-21,16046,221,1.4,16267,1453524,12163,1465687
2020-10-20,16895,183,1.1,17078,1437478,11942,1449420
2020-10-19,20535,219,1.1,20754,1420583,11759,1432342
2020-10-18,6348,93,1.4,6441,1400048,11540,1411588
2020-10-17,5885,88,1.5,5973,1393700,11447,1405147
2020-10-16,13007,137,1.0,13144,1387815,11359,1399174
2020-10-15,13716,141,1.0,13857,1374808,11222,1386030
2020-10-14,15179,162,1.1,15341,1361092,11081,1372173
2020-10-13,15681,155,1.0,15836,1345913,10919,1356832
2020-10-12,19760,167,0.8,19927,1330232,10764,1340996
2020-10-11,6412,78,1.2,6490,1310472,10597,1321069
2020-10-10,5863,65,1.1,5928,1304060,10519,1314579
2020-10-09,12682,141,1.1,12823,1298197,10454,1308651
2020-10-08,12967,168,1.3,13135,1285515,10313,1295828
2020-10-07,14171,199,1.4,14370,1272548,10145,1282693
2020-10-06,14818,198,1.3,15016,1258377,9946,1268323
2020-10-05,19147,209,1.1,19356,1243559,9748,1253307
2020-10-04,5952,89,1.5,6041,1224412,9539,1233951
2020-10-03,5723,110,1.9,5833,1218460,9450,1227910
2020-10-02,13067,134,1.0,13201,1212737,9340,1222077
2020-10-01,12825,131,1.0,12956,1199670,9206,1208876
2020-09-30,14880,120,0.8,15000,1186845,9075,1195920
2020-09-29,15429,110,0.7,15539,1171965,8955,1180920
2020-09-28,19134,124,0.6,19258,1156536,8845,1165381
2020-09-27,5935,54,0.9,5989,1137402,8721,1146123
2020-09-26,5980,63,1.0,6043,1131467,8667,1140134
2020-09-25,13780,130,0.9,13910,1125487,8604,1134091
2020-09-24,14367,133,0.9,14500,1111707,8474,1120181
2020-09-23,16242,143,0.9,16385,1097340,8341,1105681
2020-09-22,16713,101,0.6,16814,1081098,8198,1089296
2020-09-21,20661,163,0.8,20824,1064385,8097,1072482
2020-09-20,5746,77,1.3,5823,1043724,7934,1051658
2020-09-19,5788,58,1.0,5846,1037978,7857,1045835
2020-09-18,14062,94,0.7,14156,1032190,7799,1039989
2020-09-17,15176,117,0.8,15293,1018128,7705,1025833
2020-09-16,17569,137,0.8,17706,1002952,7588,1010540
2020-09-15,18888,133,0.7,19021,985383,7451,992834
2020-09-14,21444,104,0.5,21548,966495,7318,973813
2020-09-13,6697,78,1.2,6775,945051,7214,952265
2020-09-12,7050,67,0.9,7117,938354,7136,945490
2020-09-11,14875,119,0.8,14994,931304,7069,938373
2020-09-10,15571,132,0.8,15703,916429,6950,923379
2020-09-09,17834,124,0.7,17958,900858,6818,907676
2020-09-08,18772,113,0.6,18885,883024,6694,889718
2020-09-07,20908,132,0.6,21040,864252,6581,870833
2020-09-06,6372,60,0.9,6432,843344,6449,849793
2020-09-05,5949,73,1.2,6022,836972,6389,843361
2020-09-04,15489,119,0.8,15608,831023,6316,837339
2020-09-03,17624,125,0.7,17749,815534,6197,821731
2020-09-02,19101,101,0.5,19202,797910,6072,803982
2020-09-01,20336,115,0.6,20451,778809,5971,784780
2020-08-31,22596,148,0.7,22744,758473,5856,764329
2020-08-30,6748,50,0.7,6798,735877,5708,741585
2020-08-29,6357,42,0.7,6399,729129,5658,734787
2020-08-28,16420,84,0.5,16504,722772,5616,728388
2020-08-27,17296,52,0.3,17348,706352,5532,711884
2020-08-26,18827,40,0.2,18867,689056,5480,694536
2020-08-25,19356,42,0.2,19398,670229,5440,675669
2020-08-24,21132,67,0.3,21199,650873,5398,656271
2020-08-23,6948,19,0.3,6967,629741,5331,635072
2020-08-22,6773,45,0.7,6818,622793,5312,628105
2020-08-21,15223,53,0.3,15276,616020,5267,621287
2020-08-20,15623,51,0.3,15674,600797,5214,606011
2020-08-19,16480,60,0.4,16540,585174,5163,590337
2020-08-18,16937,58,0.3,16995,568694,5103,573797
2020-08-17,18207,74,0.4,18281,551757,5045,556802
2020-08-16,5274,27,0.5,5301,533550,4971,538521
2020-08-15,5995,44,0.7,6039,528276,4944,533220
2020-08-14,13713,76,0.6,13789,522281,4900,527181
2020-08-13,13223,54,0.4,13277,508568,4824,513392
2020-08-12,13386,63,0.5,13449,495345,4770,500115
2020-08-11,12934,43,0.3,12977,481959,4707,486666
2020-08-10,13445,63,0.5,13508,469025,4664,473689
2020-08-09,3140,34,1.1,3174,455580,4601,460181
2020-08-08,3266,35,1.1,3301,452440,4567,457007
2020-08-07,8367,80,0.9,8447,449174,4532,453706
2020-08-06,8616,79,0.9,8695,440807,4452,445259
2020-08-05,8699,66,0.8,8765,432191,4373,436564
2020-08-04,8406,40,0.5,8446,423492,4307,427799
2020-08-03,9290,38,0.4,9328,415086,4267,419353
2020-08-02,1892,13,0.7,1905,405796,4229,410025
2020-08-01,2100,14,0.7,2114,403904,4216,408120
2020-07-31,5396,72,1.3,5468,401804,4202,406006
2020-07-30,5545,23,0.4,5568,396408,4130,400538
2020-07-29,5860,37,0.6,5897,390863,4107,394970
2020-07-28,5880,16,0.3,5896,385003,4070,389073
2020-07-27,6860,24,0.3,6884,379123,4054,383177
2020-07-26,1464,9,0.6,1473,372263,4030,376293
2020-07-25,1703,6,0.4,1709,370799,4021,374820
2020-07-24,4501,24,0.5,4525,369096,4015,373111
2020-07-23,4479,6,0.1,4485,364595,3991,368586
2020-07-22,4908,22,0.4,4930,360116,3985,364101
2020-07-21,4819,6,0.1,4825,355208,3963,359171
2020-07-20,6003,21,0.3,6024,350389,3957,354346
2020-07-19,1347,3,0.2,1350,344386,3936,348322
2020-07-18,1420,1,0.1,1421,343039,3933,346972
2020-07-17,4135,12,0.3,4147,341619,3932,345551
2020-07-16,4558,4,0.1,4562,337484,3920,341404
2020-07-15,5403,6,0.1,5409,332926,3916,336842
2020-07-14,5260,8,0.2,5268,327523,3910,331433
2020-07-13,6358,19,0.3,6377,322263,3902,326165
2020-07-12,1196,5,0.4,1201,315905,3883,319788
2020-07-11,1393,4,0.3,1397,314709,3878,318587
2020-07-10,4690,13,0.3,4703,313316,3874,317190
2020-07-09,4811,8,0.2,4819,308626,3861,312487
2020-07-08,5296,11,0.2,5307,303815,3853,307668
2020-07-07,5341,10,0.2,5351,298519,3842,302361
2020-07-06,6314,14,0.2,6328,293178,3832,297010
2020-07-05,1198,1,0.1,1199,286864,3818,290682
2020-07-04,1428,2,0.1,1430,285666,3817,289483
2020-07-03,4533,10,0.2,4543,284238,3815,288053
2020-07-02,4740,9,0.2,4749,279705,3805,283510
2020-07-01,5116,8,0.2,5124,274965,3796,278761
2020-06-30,5021,11,0.2,5032,269849,3788,273637
2020-06-29,5922,26,0.4,5948,264828,3777,268605
2020-06-28,992,1,0.1,993,258906,3751,262657
2020-06-27,1106,10,0.9,1116,257914,3750,261664
2020-06-26,3913,22,0.6,3935,256808,3740,260548
2020-06-25,4163,17,0.4,4180,252895,3718,256613
2020-06-24,4615,21,0.5,4636,248732,3701,252433
2020-06-23,4653,13,0.3,4666,244117,3680,247797
2020-06-22,5010,28,0.6,5038,239464,3667,243131
2020-06-21,1030,4,0.4,1034,234454,3639,238093
2020-06-20,1059,6,0.6,1065,233424,3635,237059
2020-06-19,3797,18,0.5,3815,232365,3629,235994
2020-06-18,4552,13,0.3,4565,228568,3611,232179
2020-06-17,4970,15,0.3,4985,224016,3598,227614
2020-06-16,5417,36,0.7,5453,219046,3583,222629
2020-06-15,5837,18,0.3,5855,213629,3547,217176
2020-06-14,1129,6,0.5,1135,207792,3529,211321
2020-06-13,1242,7,0.6,1249,206663,3523,210186
2020-06-12,4622,13,0.3,4635,205421,3516,208937
2020-06-11,4858,11,0.2,4869,200799,3503,204302
2020-06-10,4548,14,0.3,4562,195941,3492,199433
2020-06-09,5649,13,0.2,5662,191393,3478,194871
2020-06-08,5736,19,0.3,5755,185744,3465,189209
2020-06-07,940,9,0.9,949,180008,3446,183454
2020-06-06,944,8,0.8,952,179068,3437,182505
2020-06-05,2905,30,1.0,2935,178124,3429,181553
2020-06-04,2913,17,0.6,2930,175219,3399,178618
2020-06-03,3127,12,0.4,3139,172306,3382,175688
2020-06-02,3819,31,0.8,3850,169179,3370,172549
2020-06-01,739,7,0.9,746,165360,3339,168699
2020-05-31,630,6,0.9,636,164621,3332,167953
2020-05-30,0,0,0.0,0,163991,3326,167317
2020-05-29,2579,16,0.6,2595,163991,3326,167317
2020-05-28,2771,16,0.6,2787,161412,3310,164722
2020-05-27,3272,18,0.5,3290,158641,3294,161935
2020-05-26,3446,12,0.3,3458,155369,3276,158645
2020-05-25,4058,18,0.4,4076,151923,3264,155187
2020-05-24,895,6,0.7,901,147865,3246,151111
2020-05-23,1036,6,0.6,1042,146970,3240,150210
2020-05-22,3322,26,0.8,3348,145934,3234,149168
2020-05-21,1136,14,1.2,1150,142612,3208,145820
2020-05-20,3936,19,0.5,3955,141476,3194,144670
2020-05-19,4644,20,0.4,4664,137540,3175,140715
2020-05-18,4396,17,0.4,4413,132896,3155,136051
2020-05-17,664,4,0.6,668,128500,3138,131638
2020-05-16,1301,13,1.0,1314,127836,3134,130970
2020-05-15,4156,23,0.6,4179,126535,3121,129656
2020-05-14,4183,24,0.6,4207,122379,3098,125477
2020-05-13,4453,19,0.4,4472,118196,3074,121270
2020-05-12,4780,19,0.4,4799,113743,3055,116798
2020-05-11,4380,25,0.6,4405,108963,3036,111999
2020-05-10,993,12,1.2,1005,104583,3011,107594
2020-05-09,1293,11,0.8,1304,103590,2999,106589
2020-05-08,3762,42,1.1,3804,102297,2988,105285
2020-05-07,3722,29,0.8,3751,98535,2946,101481
2020-05-06,4246,39,0.9,4285,94813,2917,97730
2020-05-05,4274,44,1.0,4318,90567,2878,93445
2020-05-04,4687,45,1.0,4732,86293,2834,89127
2020-05-03,1220,44,3.5,1264,81606,2789,84395
2020-05-02,1531,23,1.5,1554,80386,2745,83131
2020-05-01,1467,43,2.8,1510,78855,2722,81577
2020-04-30,4400,39,0.9,4439,77388,2679,80067
2020-04-29,3918,39,1.0,3957,72988,2640,75628
2020-04-28,4065,50,1.2,4115,69070,2601,71671
2020-04-27,4033,71,1.7,4104,65005,2551,67556
2020-04-26,939,37,3.8,976,60972,2480,63452
2020-04-25,1109,25,2.2,1134,60033,2443,62476
2020-04-24,3232,53,1.6,3285,58924,2418,61342
2020-04-23,2902,69,2.3,2971,55692,2365,58057
2020-04-22,3270,77,2.3,3347,52790,2296,55086
2020-04-21,3507,78,2.2,3585,49520,2219,51739
2020-04-20,3691,84,2.2,3775,46013,2141,48154
2020-04-19,1108,36,3.1,1144,42322,2057,44379
2020-04-18,1127,49,4.2,1176,41214,2021,43235
2020-04-17,3023,108,3.4,3131,40087,1972,42059
2020-04-16,3030,80,2.6,3110,37064,1864,38928
2020-04-15,3330,103,3.0,3433,34034,1784,35818
2020-04-14,3243,122,3.6,3365,30704,1681,32385
2020-04-13,1243,77,5.8,1320,27461,1559,29020
2020-04-12,1172,76,6.1,1248,26218,1482,27700
2020-04-11,1314,110,7.7,1424,25046,1406,26452
2020-04-10,1295,68,5.0,1363,23732,1296,25028
2020-04-09,1229,103,7.7,1332,22437,1228,23665
2020-04-08,2162,106,4.7,2268,21208,1125,22333
2020-04-07,2837,140,4.7,2977,19046,1019,20065
2020-04-06,3369,159,4.5,3528,16209,879,17088
2020-04-05,1048,72,6.4,1120,12840,720,13560
2020-04-04,1301,88,6.3,1389,11792,648,12440
2020-04-03,3394,164,4.6,3558,10491,560,11051
2020-04-02,3361,198,5.6,3559,7097,396,7493
2020-04-01,3736,198,5.0,3934,3736,198,3934
