date,n_neg,n_pos,pr100_pos,n_tests,n_neg_cumulative,n_pos_cumulative,n_tests_cumulative
2021-07-22,5183,77,1.5,5260,6295334,130127,6425461
2021-07-21,12301,240,1.9,12541,6290151,130050,6420201
2021-07-20,11613,172,1.5,11785,6277850,129810,6407660
2021-07-19,14138,225,1.6,14363,6266237,129638,6395875
2021-07-18,6757,141,2.0,6898,6252099,129413,6381512
2021-07-17,6509,111,1.7,6620,6245342,129272,6374614
2021-07-16,11604,221,1.9,11825,6238833,129161,6367994
2021-07-15,12334,186,1.5,12520,6227229,128940,6356169
2021-07-14,12577,183,1.4,12760,6214895,128754,6343649
2021-07-13,11975,145,1.2,12120,6202318,128571,6330889
2021-07-12,14358,187,1.3,14545,6190343,128426,6318769
2021-07-11,6725,101,1.5,6826,6175985,128239,6304224
2021-07-10,7131,108,1.5,7239,6169260,128138,6297398
2021-07-09,14390,175,1.2,14565,6162129,128030,6290159
2021-07-08,16260,181,1.1,16441,6147739,127855,6275594
2021-07-07,15820,203,1.3,16023,6131479,127674,6259153
2021-07-06,13967,200,1.4,14167,6115659,127471,6243130
2021-07-05,17448,207,1.2,17655,6101692,127271,6228963
2021-07-04,7875,123,1.5,7998,6084244,127064,6211308
2021-07-03,7922,99,1.2,8021,6076369,126941,6203310
2021-07-02,15819,186,1.2,16005,6068447,126842,6195289
2021-07-01,17654,196,1.1,17850,6052628,126656,6179284
2021-06-30,17986,260,1.4,18246,6034974,126460,6161434
2021-06-29,15949,213,1.3,16162,6016988,126200,6143188
2021-06-28,19534,226,1.1,19760,6001039,125987,6127026
2021-06-27,8066,107,1.3,8173,5981505,125761,6107266
2021-06-26,7666,106,1.4,7772,5973439,125654,6099093
2021-06-25,16142,175,1.1,16317,5965773,125548,6091321
2021-06-24,16805,174,1.0,16979,5949631,125373,6075004
2021-06-23,16429,240,1.4,16669,5932826,125199,6058025
2021-06-22,16064,266,1.6,16330,5916397,124959,6041356
2021-06-21,19473,205,1.0,19678,5900333,124693,6025026
2021-06-20,8574,115,1.3,8689,5880860,124488,6005348
2021-06-19,9319,153,1.6,9472,5872286,124373,5996659
2021-06-18,16308,172,1.0,16480,5862967,124220,5987187
2021-06-17,17438,197,1.1,17635,5846659,124048,5970707
2021-06-16,17779,215,1.2,17994,5829221,123851,5953072
2021-06-15,17780,194,1.1,17974,5811442,123636,5935078
2021-06-14,21517,207,1.0,21724,5793662,123442,5917104
2021-06-13,7966,111,1.4,8077,5772145,123235,5895380
2021-06-12,7882,130,1.6,8012,5764179,123124,5887303
2021-06-11,16234,154,0.9,16388,5756297,122994,5879291
2021-06-10,16664,202,1.2,16866,5740063,122840,5862903
2021-06-09,17011,207,1.2,17218,5723399,122638,5846037
2021-06-08,16887,214,1.3,17101,5706388,122431,5828819
2021-06-07,20874,203,1.0,21077,5689501,122217,5811718
2021-06-06,7796,150,1.9,7946,5668627,122014,5790641
2021-06-05,7778,145,1.8,7923,5660831,121864,5782695
2021-06-04,16967,262,1.5,17229,5653053,121719,5774772
2021-06-03,19365,282,1.4,19647,5636086,121457,5757543
2021-06-02,20916,293,1.4,21209,5616721,121175,5737896
2021-06-01,19354,386,2.0,19740,5595805,120882,5716687
2021-05-31,23145,344,1.5,23489,5576451,120496,5696947
2021-05-30,9394,185,1.9,9579,5553306,120152,5673458
2021-05-29,8646,199,2.2,8845,5543912,119967,5663879
2021-05-28,19442,347,1.8,19789,5535266,119768,5655034
2021-05-27,19966,384,1.9,20350,5515824,119421,5635245
2021-05-26,23638,363,1.5,24001,5495858,119037,5614895
2021-05-25,28545,427,1.5,28972,5472220,118674,5590894
2021-05-24,16316,383,2.3,16699,5443675,118247,5561922
2021-05-23,13289,338,2.5,13627,5427359,117864,5545223
2021-05-22,13126,352,2.6,13478,5414070,117526,5531596
2021-05-21,25837,668,2.5,26505,5400944,117174,5518118
2021-05-20,25709,603,2.3,26312,5375107,116506,5491613
2021-05-19,25873,541,2.0,26414,5349398,115903,5465301
2021-05-18,26415,542,2.0,26957,5323525,115362,5438887
2021-05-17,5516,183,3.2,5699,5297110,114820,5411930
2021-05-16,9132,278,3.0,9410,5291594,114637,5406231
2021-05-15,9701,240,2.4,9941,5282462,114359,5396821
2021-05-14,17551,415,2.3,17966,5272761,114119,5386880
2021-05-13,11633,298,2.5,11931,5255210,113704,5368914
2021-05-12,18841,379,2.0,19220,5243577,113406,5356983
2021-05-11,21143,427,2.0,21570,5224736,113027,5337763
2021-05-10,25470,523,2.0,25993,5203593,112600,5316193
2021-05-09,10536,351,3.2,10887,5178123,112077,5290200
2021-05-08,9325,352,3.6,9677,5167587,111726,5279313
2021-05-07,18681,438,2.3,19119,5158262,111374,5269636
2021-05-06,19909,509,2.5,20418,5139581,110936,5250517
2021-05-05,22261,494,2.2,22755,5119672,110427,5230099
2021-05-04,21471,463,2.1,21934,5097411,109933,5207344
2021-05-03,24355,511,2.1,24866,5075940,109470,5185410
2021-05-02,9371,296,3.1,9667,5051585,108959,5160544
2021-05-01,8245,251,3.0,8496,5042214,108663,5150877
2021-04-30,18611,441,2.3,19052,5033969,108412,5142381
2021-04-29,19246,414,2.1,19660,5015358,107971,5123329
2021-04-28,20656,419,2.0,21075,4996112,107557,5103669
2021-04-27,20969,481,2.2,21450,4975456,107138,5082594
2021-04-26,24321,501,2.0,24822,4954487,106657,5061144
2021-04-25,9269,317,3.3,9586,4930166,106156,5036322
2021-04-24,9584,287,2.9,9871,4920897,105839,5026736
2021-04-23,20239,509,2.5,20748,4911313,105552,5016865
2021-04-22,19133,463,2.4,19596,4891074,105043,4996117
2021-04-21,19123,536,2.7,19659,4871941,104580,4976521
2021-04-20,18373,532,2.8,18905,4852818,104044,4956862
2021-04-19,22190,575,2.5,22765,4834445,103512,4937957
2021-04-18,8598,345,3.9,8943,4812255,102937,4915192
2021-04-17,9167,330,3.5,9497,4803657,102592,4906249
2021-04-16,17684,579,3.2,18263,4794490,102262,4896752
2021-04-15,19175,549,2.8,19724,4776806,101683,4878489
2021-04-14,21342,601,2.7,21943,4757631,101134,4858765
2021-04-13,20964,592,2.7,21556,4736289,100533,4836822
2021-04-12,26991,738,2.7,27729,4715325,99941,4815266
2021-04-11,10752,395,3.5,11147,4688334,99203,4787537
2021-04-10,12632,496,3.8,13128,4677582,98808,4776390
2021-04-09,23380,712,3.0,24092,4664950,98312,4763262
2021-04-08,22334,767,3.3,23101,4641570,97600,4739170
2021-04-07,25321,847,3.2,26168,4619236,96833,4716069
2021-04-06,30450,888,2.8,31338,4593915,95986,4689901
2021-04-05,16000,716,4.3,16716,4563465,95098,4658563
2021-04-04,10721,652,5.7,11373,4547465,94382,4641847
2021-04-03,10273,612,5.6,10885,4536744,93730,4630474
2021-04-02,10628,699,6.2,11327,4526471,93118,4619589
2021-04-01,9918,624,5.9,10542,4515843,92419,4608262
2021-03-31,17597,805,4.4,18402,4505925,91795,4597720
2021-03-30,20974,848,3.9,21822,4488328,90990,4579318
2021-03-29,29419,863,2.8,30282,4467354,90142,4557496
2021-03-28,13637,477,3.4,14114,4437935,89279,4527214
2021-03-27,17197,602,3.4,17799,4424298,88802,4513100
2021-03-26,32118,895,2.7,33013,4407101,88200,4495301
2021-03-25,32518,871,2.6,33389,4374983,87305,4462288
2021-03-24,33754,1001,2.9,34755,4342465,86434,4428899
2021-03-23,31965,966,2.9,32931,4308711,85433,4394144
2021-03-22,35839,1107,3.0,36946,4276746,84467,4361213
2021-03-21,14943,649,4.2,15592,4240907,83360,4324267
2021-03-20,16521,710,4.1,17231,4225964,82711,4308675
2021-03-19,29056,1000,3.3,30056,4209443,82001,4291444
2021-03-18,30706,1044,3.3,31750,4180387,81001,4261388
2021-03-17,31721,1058,3.2,32779,4149681,79957,4229638
2021-03-16,29920,1006,3.3,30926,4117960,78899,4196859
2021-03-15,34254,1106,3.1,35360,4088040,77893,4165933
2021-03-14,15893,698,4.2,16591,4053786,76787,4130573
2021-03-13,16404,736,4.3,17140,4037893,76089,4113982
2021-03-12,28861,950,3.2,29811,4021489,75353,4096842
2021-03-11,29822,782,2.6,30604,3992628,74403,4067031
2021-03-10,30742,853,2.7,31595,3962806,73621,4036427
2021-03-09,30926,799,2.5,31725,3932064,72768,4004832
2021-03-08,35063,846,2.4,35909,3901138,71969,3973107
2021-03-07,14985,572,3.7,15557,3866075,71123,3937198
2021-03-06,15273,465,3.0,15738,3851090,70551,3921641
2021-03-05,25567,703,2.7,26270,3835817,70086,3905903
2021-03-04,24333,601,2.4,24934,3810250,69383,3879633
2021-03-03,23801,659,2.7,24460,3785917,68782,3854699
2021-03-02,23338,637,2.7,23975,3762116,68123,3830239
2021-03-01,26390,551,2.0,26941,3738778,67486,3806264
2021-02-28,10968,391,3.4,11359,3712388,66935,3779323
2021-02-27,10190,381,3.6,10571,3701420,66544,3767964
2021-02-26,19180,493,2.5,19673,3691230,66163,3757393
2021-02-25,18251,526,2.8,18777,3672050,65670,3737720
2021-02-24,17819,461,2.5,18280,3653799,65144,3718943
2021-02-23,16698,445,2.6,17143,3635980,64683,3700663
2021-02-22,20068,410,2.0,20478,3619282,64238,3683520
2021-02-21,7429,221,2.9,7650,3599214,63828,3663042
2021-02-20,8696,215,2.4,8911,3591785,63607,3655392
2021-02-19,17764,337,1.9,18101,3583089,63392,3646481
2021-02-18,18447,301,1.6,18748,3565325,63055,3628380
2021-02-17,19571,320,1.6,19891,3546878,62754,3609632
2021-02-16,19378,305,1.5,19683,3527307,62434,3589741
2021-02-15,21915,332,1.5,22247,3507929,62129,3570058
2021-02-14,6571,160,2.4,6731,3486014,61797,3547811
2021-02-13,8209,184,2.2,8393,3479443,61637,3541080
2021-02-12,17868,247,1.4,18115,3471234,61453,3532687
2021-02-11,17554,262,1.5,17816,3453366,61206,3514572
2021-02-10,19119,310,1.6,19429,3435812,60944,3496756
2021-02-09,20710,270,1.3,20980,3416693,60634,3477327
2021-02-08,22612,301,1.3,22913,3395983,60364,3456347
2021-02-07,6720,167,2.4,6887,3373371,60063,3433434
2021-02-06,7397,198,2.6,7595,3366651,59896,3426547
2021-02-05,15793,288,1.8,16081,3359254,59698,3418952
2021-02-04,17399,253,1.4,17652,3343461,59410,3402871
2021-02-03,17635,325,1.8,17960,3326062,59157,3385219
2021-02-02,17526,293,1.6,17819,3308427,58832,3367259
2021-02-01,22300,318,1.4,22618,3290901,58539,3349440
2021-01-31,6958,182,2.5,7140,3268601,58221,3326822
2021-01-30,7158,175,2.4,7333,3261643,58039,3319682
2021-01-29,17654,295,1.6,17949,3254485,57864,3312349
2021-01-28,20142,285,1.4,20427,3236831,57569,3294400
2021-01-27,20412,344,1.7,20756,3216689,57284,3273973
2021-01-26,21063,276,1.3,21339,3196277,56940,3253217
2021-01-25,27526,386,1.4,27912,3175214,56664,3231878
2021-01-24,9383,189,2.0,9572,3147688,56278,3203966
2021-01-23,8267,213,2.5,8480,3138305,56089,3194394
2021-01-22,14678,330,2.2,15008,3130038,55876,3185914
2021-01-21,14880,345,2.3,15225,3115360,55546,3170906
2021-01-20,17206,354,2.0,17560,3100480,55201,3155681
2021-01-19,17520,342,1.9,17862,3083274,54847,3138121
2021-01-18,22808,446,1.9,23254,3065754,54505,3120259
2021-01-17,8413,226,2.6,8639,3042946,54059,3097005
2021-01-16,8382,267,3.1,8649,3034533,53833,3088366
2021-01-15,18182,397,2.1,18579,3026151,53566,3079717
2021-01-14,19719,454,2.3,20173,3007969,53169,3061138
2021-01-13,21802,460,2.1,22262,2988250,52715,3040965
2021-01-12,22978,563,2.4,23541,2966448,52255,3018703
2021-01-11,31936,638,2.0,32574,2943470,51692,2995162
2021-01-10,14210,435,3.0,14645,2911534,51054,2962588
2021-01-09,14968,414,2.7,15382,2897324,50619,2947943
2021-01-08,26992,650,2.4,27642,2882356,50205,2932561
2021-01-07,28480,735,2.5,29215,2855364,49555,2904919
2021-01-06,29126,708,2.4,29834,2826884,48820,2875704
2021-01-05,30934,788,2.5,31722,2797758,48112,2845870
2021-01-04,37009,936,2.5,37945,2766824,47324,2814148
2021-01-03,14864,444,2.9,15308,2729815,46388,2776203
2021-01-02,14801,525,3.4,15326,2714951,45944,2760895
2021-01-01,6937,345,4.7,7282,2700150,45419,2745569
2020-12-31,8643,434,4.8,9077,2693213,45074,2738287
2020-12-30,18514,639,3.3,19153,2684570,44640,2729210
2020-12-29,18661,696,3.6,19357,2666056,44001,2710057
2020-12-28,21001,778,3.6,21779,2647395,43305,2690700
2020-12-27,9883,424,4.1,10307,2626394,42527,2668921
2020-12-26,10461,466,4.3,10927,2616511,42103,2658614
2020-12-25,6301,293,4.4,6594,2606050,41637,2647687
2020-12-24,5815,292,4.8,6107,2599749,41344,2641093
2020-12-23,17800,586,3.2,18386,2593934,41052,2634986
2020-12-22,26009,560,2.1,26569,2576134,40466,2616600
2020-12-21,31187,621,2.0,31808,2550125,39906,2590031
2020-12-20,12419,299,2.4,12718,2518938,39285,2558223
2020-12-19,13022,309,2.3,13331,2506519,38986,2545505
2020-12-18,23811,474,2.0,24285,2493497,38677,2532174
2020-12-17,23534,430,1.8,23964,2469686,38203,2507889
2020-12-16,22715,450,1.9,23165,2446152,37773,2483925
2020-12-15,22177,440,1.9,22617,2423437,37323,2460760
2020-12-14,25553,544,2.1,26097,2401260,36883,2438143
2020-12-13,8858,285,3.1,9143,2375707,36339,2412046
2020-12-12,8746,255,2.8,9001,2366849,36054,2402903
2020-12-11,17444,403,2.3,17847,2358103,35799,2393902
2020-12-10,18903,435,2.2,19338,2340659,35396,2376055
2020-12-09,18471,453,2.4,18924,2321756,34961,2356717
2020-12-08,18654,392,2.1,19046,2303285,34508,2337793
2020-12-07,23207,500,2.1,23707,2284631,34116,2318747
2020-12-06,7129,262,3.5,7391,2261424,33616,2295040
2020-12-05,6562,252,3.7,6814,2254295,33354,2287649
2020-12-04,15329,381,2.4,15710,2247733,33102,2280835
2020-12-03,17192,399,2.3,17591,2232404,32721,2265125
2020-12-02,17228,420,2.4,17648,2215212,32322,2247534
2020-12-01,18004,362,2.0,18366,2197984,31902,2229886
2020-11-30,22555,448,1.9,23003,2179980,31540,2211520
2020-11-29,6878,229,3.2,7107,2157425,31092,2188517
2020-11-28,6794,236,3.4,7030,2150547,30863,2181410
2020-11-27,15502,446,2.8,15948,2143753,30627,2174380
2020-11-26,18130,477,2.6,18607,2128251,30181,2158432
2020-11-25,18928,513,2.6,19441,2110121,29704,2139825
2020-11-24,19113,413,2.1,19526,2091193,29191,2120384
2020-11-23,25180,608,2.4,25788,2072080,28778,2100858
2020-11-22,8099,279,3.3,8378,2046900,28170,2075070
2020-11-21,8024,288,3.5,8312,2038801,27891,2066692
2020-11-20,17640,518,2.9,18158,2030777,27603,2058380
2020-11-19,18831,564,2.9,19395,2013137,27085,2040222
2020-11-18,20961,652,3.0,21613,1994306,26521,2020827
2020-11-17,21190,633,2.9,21823,1973345,25869,1999214
2020-11-16,27789,720,2.5,28509,1952155,25236,1977391
2020-11-15,10564,405,3.7,10969,1924366,24516,1948882
2020-11-14,9548,379,3.8,9927,1913802,24111,1937913
2020-11-13,21484,697,3.1,22181,1904254,23732,1927986
2020-11-12,23048,637,2.7,23685,1882770,23035,1905805
2020-11-11,23217,662,2.8,23879,1859722,22398,1882120
2020-11-10,25124,603,2.3,25727,1836505,21736,1858241
2020-11-09,30431,706,2.3,31137,1811381,21133,1832514
2020-11-08,11367,385,3.3,11752,1780950,20427,1801377
2020-11-07,12192,388,3.1,12580,1769583,20042,1789625
2020-11-06,26741,650,2.4,27391,1757391,19654,1777045
2020-11-05,27270,602,2.2,27872,1730650,19004,1749654
2020-11-04,25205,690,2.7,25895,1703380,18402,1721782
2020-11-03,26665,682,2.5,27347,1678175,17712,1695887
2020-11-02,27396,647,2.3,28043,1651510,17030,1668540
2020-11-01,9464,323,3.3,9787,1624114,16383,1640497
2020-10-31,9281,385,4.0,9666,1614650,16060,1630710
2020-10-30,20120,616,3.0,20736,1605369,15675,1621044
2020-10-29,20686,431,2.0,21117,1585249,15059,1600308
2020-10-28,20852,514,2.4,21366,1564563,14628,1579191
2020-10-27,20694,391,1.9,21085,1543711,14114,1557825
2020-10-26,23158,486,2.1,23644,1523017,13723,1536740
2020-10-25,7628,202,2.6,7830,1499859,13237,1513096
2020-10-24,7320,231,3.1,7551,1492231,13035,1505266
2020-10-23,15137,368,2.4,15505,1484911,12804,1497715
2020-10-22,15385,285,1.8,15670,1469774,12436,1482210
2020-10-21,16048,221,1.4,16269,1454389,12151,1466540
2020-10-20,16900,183,1.1,17083,1438341,11930,1450271
2020-10-19,20526,219,1.1,20745,1421441,11747,1433188
2020-10-18,6359,93,1.4,6452,1400915,11528,1412443
2020-10-17,5886,88,1.5,5974,1394556,11435,1405991
2020-10-16,13008,137,1.0,13145,1388670,11347,1400017
2020-10-15,13717,140,1.0,13857,1375662,11210,1386872
2020-10-14,15180,162,1.1,15342,1361945,11070,1373015
2020-10-13,15685,155,1.0,15840,1346765,10908,1357673
2020-10-12,19756,166,0.8,19922,1331080,10753,1341833
2020-10-11,6422,78,1.2,6500,1311324,10587,1321911
2020-10-10,5873,65,1.1,5938,1304902,10509,1315411
2020-10-09,12683,141,1.1,12824,1299029,10444,1309473
2020-10-08,12972,168,1.3,13140,1286346,10303,1296649
2020-10-07,14172,199,1.4,14371,1273374,10135,1283509
2020-10-06,14822,198,1.3,15020,1259202,9936,1269138
2020-10-05,19137,208,1.1,19345,1244380,9738,1254118
2020-10-04,5950,89,1.5,6039,1225243,9530,1234773
2020-10-03,5719,110,1.9,5829,1219293,9441,1228734
2020-10-02,13068,134,1.0,13202,1213574,9331,1222905
2020-10-01,12828,131,1.0,12959,1200506,9197,1209703
2020-09-30,14884,120,0.8,15004,1187678,9066,1196744
2020-09-29,15438,110,0.7,15548,1172794,8946,1181740
2020-09-28,19134,124,0.6,19258,1157356,8836,1166192
2020-09-27,5939,54,0.9,5993,1138222,8712,1146934
2020-09-26,5980,63,1.0,6043,1132283,8658,1140941
2020-09-25,13785,130,0.9,13915,1126303,8595,1134898
2020-09-24,14367,133,0.9,14500,1112518,8465,1120983
2020-09-23,16236,143,0.9,16379,1098151,8332,1106483
2020-09-22,16716,101,0.6,16817,1081915,8189,1090104
2020-09-21,20654,163,0.8,20817,1065199,8088,1073287
2020-09-20,5743,77,1.3,5820,1044545,7925,1052470
2020-09-19,5796,58,1.0,5854,1038802,7848,1046650
2020-09-18,14060,94,0.7,14154,1033006,7790,1040796
2020-09-17,15178,116,0.8,15294,1018946,7696,1026642
2020-09-16,17573,137,0.8,17710,1003768,7580,1011348
2020-09-15,18895,132,0.7,19027,986195,7443,993638
2020-09-14,21445,104,0.5,21549,967300,7311,974611
2020-09-13,6698,78,1.2,6776,945855,7207,953062
2020-09-12,7051,67,0.9,7118,939157,7129,946286
2020-09-11,14869,118,0.8,14987,932106,7062,939168
2020-09-10,15566,132,0.8,15698,917237,6944,924181
2020-09-09,17837,124,0.7,17961,901671,6812,908483
2020-09-08,18774,113,0.6,18887,883834,6688,890522
2020-09-07,20905,132,0.6,21037,865060,6575,871635
2020-09-06,6370,60,0.9,6430,844155,6443,850598
2020-09-05,5949,73,1.2,6022,837785,6383,844168
2020-09-04,15493,119,0.8,15612,831836,6310,838146
2020-09-03,17626,125,0.7,17751,816343,6191,822534
2020-09-02,19099,101,0.5,19200,798717,6066,804783
2020-09-01,20334,115,0.6,20449,779618,5965,785583
2020-08-31,22597,148,0.7,22745,759284,5850,765134
2020-08-30,6752,50,0.7,6802,736687,5702,742389
2020-08-29,6357,42,0.7,6399,729935,5652,735587
2020-08-28,16434,84,0.5,16518,723578,5610,729188
2020-08-27,17304,52,0.3,17356,707144,5526,712670
2020-08-26,18830,40,0.2,18870,689840,5474,695314
2020-08-25,19353,42,0.2,19395,671010,5434,676444
2020-08-24,21131,67,0.3,21198,651657,5392,657049
2020-08-23,6948,19,0.3,6967,630526,5325,635851
2020-08-22,6773,45,0.7,6818,623578,5306,628884
2020-08-21,15224,53,0.3,15277,616805,5261,622066
2020-08-20,15620,50,0.3,15670,601581,5208,606789
2020-08-19,16481,60,0.4,16541,585961,5158,591119
2020-08-18,16936,58,0.3,16994,569480,5098,574578
2020-08-17,18202,74,0.4,18276,552544,5040,557584
2020-08-16,5276,27,0.5,5303,534342,4966,539308
2020-08-15,5995,43,0.7,6038,529066,4939,534005
2020-08-14,13707,76,0.6,13783,523071,4896,527967
2020-08-13,13220,54,0.4,13274,509364,4820,514184
2020-08-12,13385,63,0.5,13448,496144,4766,500910
2020-08-11,12937,42,0.3,12979,482759,4703,487462
2020-08-10,13445,63,0.5,13508,469822,4661,474483
2020-08-09,3142,34,1.1,3176,456377,4598,460975
2020-08-08,3269,35,1.1,3304,453235,4564,457799
2020-08-07,8372,80,0.9,8452,449966,4529,454495
2020-08-06,8614,79,0.9,8693,441594,4449,446043
2020-08-05,8700,66,0.8,8766,432980,4370,437350
2020-08-04,8404,40,0.5,8444,424280,4304,428584
2020-08-03,9289,38,0.4,9327,415876,4264,420140
2020-08-02,1894,13,0.7,1907,406587,4226,410813
2020-08-01,2102,14,0.7,2116,404693,4213,408906
2020-07-31,5402,72,1.3,5474,402591,4199,406790
2020-07-30,5544,23,0.4,5567,397189,4127,401316
2020-07-29,5863,37,0.6,5900,391645,4104,395749
2020-07-28,5879,16,0.3,5895,385782,4067,389849
2020-07-27,6855,24,0.3,6879,379903,4051,383954
2020-07-26,1464,9,0.6,1473,373048,4027,377075
2020-07-25,1703,6,0.4,1709,371584,4018,375602
2020-07-24,4506,24,0.5,4530,369881,4012,373893
2020-07-23,4479,6,0.1,4485,365375,3988,369363
2020-07-22,4909,22,0.4,4931,360896,3982,364878
2020-07-21,4820,6,0.1,4826,355987,3960,359947
2020-07-20,6003,21,0.3,6024,351167,3954,355121
2020-07-19,1347,3,0.2,1350,345164,3933,349097
2020-07-18,1420,1,0.1,1421,343817,3930,347747
2020-07-17,4133,12,0.3,4145,342397,3929,346326
2020-07-16,4557,4,0.1,4561,338264,3917,342181
2020-07-15,5405,6,0.1,5411,333707,3913,337620
2020-07-14,5259,8,0.2,5267,328302,3907,332209
2020-07-13,6356,19,0.3,6375,323043,3899,326942
2020-07-12,1196,5,0.4,1201,316687,3880,320567
2020-07-11,1393,4,0.3,1397,315491,3875,319366
2020-07-10,4691,13,0.3,4704,314098,3871,317969
2020-07-09,4812,8,0.2,4820,309407,3858,313265
2020-07-08,5295,11,0.2,5306,304595,3850,308445
2020-07-07,5340,10,0.2,5350,299300,3839,303139
2020-07-06,6316,14,0.2,6330,293960,3829,297789
2020-07-05,1198,1,0.1,1199,287644,3815,291459
2020-07-04,1428,2,0.1,1430,286446,3814,290260
2020-07-03,4534,10,0.2,4544,285018,3812,288830
2020-07-02,4738,9,0.2,4747,280484,3802,284286
2020-07-01,5116,8,0.2,5124,275746,3793,279539
2020-06-30,5020,11,0.2,5031,270630,3785,274415
2020-06-29,5920,26,0.4,5946,265610,3774,269384
2020-06-28,993,1,0.1,994,259690,3748,263438
2020-06-27,1106,10,0.9,1116,258697,3747,262444
2020-06-26,3914,22,0.6,3936,257591,3737,261328
2020-06-25,4163,17,0.4,4180,253677,3715,257392
2020-06-24,4613,21,0.5,4634,249514,3698,253212
2020-06-23,4653,13,0.3,4666,244901,3677,248578
2020-06-22,5011,28,0.6,5039,240248,3664,243912
2020-06-21,1030,4,0.4,1034,235237,3636,238873
2020-06-20,1059,6,0.6,1065,234207,3632,237839
2020-06-19,3795,18,0.5,3813,233148,3626,236774
2020-06-18,4552,13,0.3,4565,229353,3608,232961
2020-06-17,4970,15,0.3,4985,224801,3595,228396
2020-06-16,5422,36,0.7,5458,219831,3580,223411
2020-06-15,5836,18,0.3,5854,214409,3544,217953
2020-06-14,1129,6,0.5,1135,208573,3526,212099
2020-06-13,1242,7,0.6,1249,207444,3520,210964
2020-06-12,4622,13,0.3,4635,206202,3513,209715
2020-06-11,4859,11,0.2,4870,201580,3500,205080
2020-06-10,4548,14,0.3,4562,196721,3489,200210
2020-06-09,5647,13,0.2,5660,192173,3475,195648
2020-06-08,5737,18,0.3,5755,186526,3462,189988
2020-06-07,939,9,0.9,948,180789,3444,184233
2020-06-06,944,8,0.8,952,179850,3435,183285
2020-06-05,2905,30,1.0,2935,178906,3427,182333
2020-06-04,2914,17,0.6,2931,176001,3397,179398
2020-06-03,3128,12,0.4,3140,173087,3380,176467
2020-06-02,3818,31,0.8,3849,169959,3368,173327
2020-06-01,739,7,0.9,746,166141,3337,169478
2020-05-31,630,6,0.9,636,165402,3330,168732
2020-05-30,812,0,0.0,812,164772,3324,168096
2020-05-29,2579,16,0.6,2595,163960,3324,167284
2020-05-28,2771,16,0.6,2787,161381,3308,164689
2020-05-27,3270,18,0.5,3288,158610,3292,161902
2020-05-26,3446,12,0.3,3458,155340,3274,158614
2020-05-25,4054,18,0.4,4072,151894,3262,155156
2020-05-24,896,6,0.7,902,147840,3244,151084
2020-05-23,1036,6,0.6,1042,146944,3238,150182
2020-05-22,3323,26,0.8,3349,145908,3232,149140
2020-05-21,1136,14,1.2,1150,142585,3206,145791
2020-05-20,3937,19,0.5,3956,141449,3192,144641
2020-05-19,4643,20,0.4,4663,137512,3173,140685
2020-05-18,4396,17,0.4,4413,132869,3153,136022
2020-05-17,663,4,0.6,667,128473,3136,131609
2020-05-16,1299,13,1.0,1312,127810,3132,130942
2020-05-15,4157,23,0.6,4180,126511,3119,129630
2020-05-14,4184,23,0.5,4207,122354,3096,125450
2020-05-13,4453,19,0.4,4472,118170,3073,121243
2020-05-12,4779,19,0.4,4798,113717,3054,116771
2020-05-11,4377,25,0.6,4402,108938,3035,111973
2020-05-10,992,12,1.2,1004,104561,3010,107571
2020-05-09,1294,11,0.8,1305,103569,2998,106567
2020-05-08,3764,42,1.1,3806,102275,2987,105262
2020-05-07,3724,29,0.8,3753,98511,2945,101456
2020-05-06,4245,39,0.9,4284,94787,2916,97703
2020-05-05,4273,43,1.0,4316,90542,2877,93419
2020-05-04,4684,45,1.0,4729,86269,2834,89103
2020-05-03,1219,44,3.5,1263,81585,2789,84374
2020-05-02,1532,23,1.5,1555,80366,2745,83111
2020-05-01,1469,43,2.8,1512,78834,2722,81556
2020-04-30,4400,39,0.9,4439,77365,2679,80044
2020-04-29,3916,39,1.0,3955,72965,2640,75605
2020-04-28,4063,50,1.2,4113,69049,2601,71650
2020-04-27,4033,71,1.7,4104,64986,2551,67537
2020-04-26,936,37,3.8,973,60953,2480,63433
2020-04-25,1107,25,2.2,1132,60017,2443,62460
2020-04-24,3228,53,1.6,3281,58910,2418,61328
2020-04-23,2907,69,2.3,2976,55682,2365,58047
2020-04-22,3269,77,2.3,3346,52775,2296,55071
2020-04-21,3504,78,2.2,3582,49506,2219,51725
2020-04-20,3693,84,2.2,3777,46002,2141,48143
2020-04-19,1107,36,3.1,1143,42309,2057,44366
2020-04-18,1127,49,4.2,1176,41202,2021,43223
2020-04-17,3024,108,3.4,3132,40075,1972,42047
2020-04-16,3030,80,2.6,3110,37051,1864,38915
2020-04-15,3325,103,3.0,3428,34021,1784,35805
2020-04-14,3247,122,3.6,3369,30696,1681,32377
2020-04-13,1241,77,5.8,1318,27449,1559,29008
2020-04-12,1169,76,6.1,1245,26208,1482,27690
2020-04-11,1312,110,7.7,1422,25039,1406,26445
2020-04-10,1287,68,5.0,1355,23727,1296,25023
2020-04-09,1227,103,7.7,1330,22440,1228,23668
2020-04-08,2170,106,4.7,2276,21213,1125,22338
2020-04-07,2832,140,4.7,2972,19043,1019,20062
2020-04-06,3373,159,4.5,3532,16211,879,17090
2020-04-05,1046,72,6.4,1118,12838,720,13558
2020-04-04,1298,88,6.3,1386,11792,648,12440
2020-04-03,3392,164,4.6,3556,10494,560,11054
2020-04-02,3363,198,5.6,3561,7102,396,7498
2020-04-01,3739,198,5.0,3937,3739,198,3937
