date,n_neg,n_pos,pr100_pos,n_tests,n_neg_cumulative,n_pos_cumulative,n_tests_cumulative
2021-11-30,4907,978,16.6,5885,8249594,262722,8512316
2021-11-29,19700,4052,17.1,23752,8244687,261744,8506431
2021-11-28,8104,1791,18.1,9895,8224987,257692,8482679
2021-11-27,7649,1769,18.8,9418,8216883,255901,8472784
2021-11-26,13966,2721,16.3,16687,8209234,254132,8463366
2021-11-25,15801,2819,15.1,18620,8195268,251411,8446679
2021-11-24,16443,2937,15.2,19380,8179467,248592,8428059
2021-11-23,16482,2796,14.5,19278,8163024,245655,8408679
2021-11-22,19980,3533,15.0,23513,8146542,242859,8389401
2021-11-21,7039,1350,16.1,8389,8126562,239326,8365888
2021-11-20,6818,1378,16.8,8196,8119523,237976,8357499
2021-11-19,13931,2220,13.7,16151,8112705,236598,8349303
2021-11-18,14842,2331,13.6,17173,8098774,234378,8333152
2021-11-17,16588,2428,12.8,19016,8083932,232047,8315979
2021-11-16,16609,2136,11.4,18745,8067344,229619,8296963
2021-11-15,19924,2859,12.5,22783,8050735,227483,8278218
2021-11-14,6947,1060,13.2,8007,8030811,224624,8255435
2021-11-13,6576,1088,14.2,7664,8023864,223564,8247428
2021-11-12,13420,1790,11.8,15210,8017288,222476,8239764
2021-11-11,15919,1773,10.0,17692,8003868,220686,8224554
2021-11-10,17171,1966,10.3,19137,7987949,218913,8206862
2021-11-09,16106,1753,9.8,17859,7970778,216947,8187725
2021-11-08,18334,2389,11.5,20723,7954672,215194,8169866
2021-11-07,6467,955,12.9,7422,7936338,212805,8149143
2021-11-06,5921,884,13.0,6805,7929871,211850,8141721
2021-11-05,12680,1455,10.3,14135,7923950,210966,8134916
2021-11-04,13367,1498,10.1,14865,7911270,209511,8120781
2021-11-03,15275,1648,9.7,16923,7897903,208013,8105916
2021-11-02,14267,1416,9.0,15683,7882628,206365,8088993
2021-11-01,16357,1975,10.8,18332,7868361,204949,8073310
2021-10-31,4996,687,12.1,5683,7852004,202974,8054978
2021-10-30,4762,605,11.3,5367,7847008,202287,8049295
2021-10-29,10751,1177,9.9,11928,7842246,201682,8043928
2021-10-28,12058,1143,8.7,13201,7831495,200505,8032000
2021-10-27,11732,1114,8.7,12846,7819437,199362,8018799
2021-10-26,11102,1055,8.7,12157,7807705,198248,8005953
2021-10-25,12966,1224,8.6,14190,7796603,197193,7993796
2021-10-24,4323,500,10.4,4823,7783637,195969,7979606
2021-10-23,3846,463,10.7,4309,7779314,195469,7974783
2021-10-22,7971,752,8.6,8723,7775468,195006,7970474
2021-10-21,8623,645,7.0,9268,7767497,194254,7961751
2021-10-20,9469,716,7.0,10185,7758874,193609,7952483
2021-10-19,8891,579,6.1,9470,7749405,192893,7942298
2021-10-18,11135,744,6.3,11879,7740514,192314,7932828
2021-10-17,3587,259,6.7,3846,7729379,191570,7920949
2021-10-16,3137,289,8.4,3426,7725792,191311,7917103
2021-10-15,6860,446,6.1,7306,7722655,191022,7913677
2021-10-14,7437,376,4.8,7813,7715795,190576,7906371
2021-10-13,8555,386,4.3,8941,7708358,190200,7898558
2021-10-12,8354,459,5.2,8813,7699803,189814,7889617
2021-10-11,11037,615,5.3,11652,7691449,189355,7880804
2021-10-10,3782,243,6.0,4025,7680412,188740,7869152
2021-10-09,3754,238,6.0,3992,7676630,188497,7865127
2021-10-08,7871,446,5.4,8317,7672876,188259,7861135
2021-10-07,9614,449,4.5,10063,7665005,187813,7852818
2021-10-06,10353,492,4.5,10845,7655391,187364,7842755
2021-10-05,10632,486,4.4,11118,7645038,186872,7831910
2021-10-04,13301,656,4.7,13957,7634406,186386,7820792
2021-10-03,4628,256,5.2,4884,7621105,185730,7806835
2021-10-02,4149,299,6.7,4448,7616477,185474,7801951
2021-10-01,9515,488,4.9,10003,7612328,185175,7797503
2021-09-30,11449,496,4.2,11945,7602813,184687,7787500
2021-09-29,12644,583,4.4,13227,7591364,184191,7775555
2021-09-28,12743,608,4.6,13351,7578720,183608,7762328
2021-09-27,16533,750,4.3,17283,7565977,183000,7748977
2021-09-26,5545,386,6.5,5931,7549444,182250,7731694
2021-09-25,5532,404,6.8,5936,7543899,181864,7725763
2021-09-24,13078,650,4.7,13728,7538367,181460,7719827
2021-09-23,16156,760,4.5,16916,7525289,180810,7706099
2021-09-22,19194,725,3.6,19919,7509133,180050,7689183
2021-09-21,21067,702,3.2,21769,7489939,179325,7669264
2021-09-20,26836,988,3.6,27824,7468872,178623,7647495
2021-09-19,8853,481,5.2,9334,7442036,177635,7619671
2021-09-18,8165,509,5.9,8674,7433183,177154,7610337
2021-09-17,15981,684,4.1,16665,7425018,176645,7601663
2021-09-16,20456,810,3.8,21266,7409037,175961,7584998
2021-09-15,23497,920,3.8,24417,7388581,175151,7563732
2021-09-14,24932,1012,3.9,25944,7365084,174231,7539315
2021-09-13,29313,1313,4.3,30626,7340152,173219,7513371
2021-09-12,10378,777,7.0,11155,7310839,171906,7482745
2021-09-11,9916,665,6.3,10581,7300461,171129,7471590
2021-09-10,22607,1183,5.0,23790,7290545,170464,7461009
2021-09-09,26082,1325,4.8,27407,7267938,169281,7437219
2021-09-08,29478,1380,4.5,30858,7241856,167956,7409812
2021-09-07,32679,1438,4.2,34117,7212378,166576,7378954
2021-09-06,38296,1783,4.4,40079,7179699,165138,7344837
2021-09-05,14867,954,6.0,15821,7141403,163355,7304758
2021-09-04,14893,992,6.2,15885,7126536,162401,7288937
2021-09-03,29374,1545,5.0,30919,7111643,161409,7273052
2021-09-02,33767,1523,4.3,35290,7082269,159864,7242133
2021-09-01,34395,1613,4.5,36008,7048502,158341,7206843
2021-08-31,36079,1622,4.3,37701,7014107,156728,7170835
2021-08-30,39394,1855,4.5,41249,6978028,155106,7133134
2021-08-29,15636,956,5.8,16592,6938634,153251,7091885
2021-08-28,15573,1000,6.0,16573,6922998,152295,7075293
2021-08-27,27279,1433,5.0,28712,6907425,151295,7058720
2021-08-26,29116,1394,4.6,30510,6880146,149862,7030008
2021-08-25,29935,1416,4.5,31351,6851030,148468,6999498
2021-08-24,28783,1334,4.4,30117,6821095,147052,6968147
2021-08-23,29606,1179,3.8,30785,6792312,145718,6938030
2021-08-22,11642,554,4.5,12196,6762706,144539,6907245
2021-08-21,11123,592,5.1,11715,6751064,143985,6895049
2021-08-20,20647,741,3.5,21388,6739941,143393,6883334
2021-08-19,19562,669,3.3,20231,6719294,142652,6861946
2021-08-18,19366,689,3.4,20055,6699732,141983,6841715
2021-08-17,18623,636,3.3,19259,6680366,141294,6821660
2021-08-16,20683,625,2.9,21308,6661743,140658,6802401
2021-08-15,9415,376,3.8,9791,6641060,140033,6781093
2021-08-14,9929,434,4.2,10363,6631645,139657,6771302
2021-08-13,17115,545,3.1,17660,6621716,139223,6760939
2021-08-12,17235,539,3.0,17774,6604601,138678,6743279
2021-08-11,18166,609,3.2,18775,6587366,138139,6725505
2021-08-10,17822,576,3.1,18398,6569200,137530,6706730
2021-08-09,21232,668,3.1,21900,6551378,136954,6688332
2021-08-08,9539,330,3.3,9869,6530146,136286,6666432
2021-08-07,9615,322,3.2,9937,6520607,135956,6656563
2021-08-06,16494,477,2.8,16971,6510992,135634,6646626
2021-08-05,17030,463,2.6,17493,6494498,135157,6629655
2021-08-04,17297,502,2.8,17799,6477468,134694,6612162
2021-08-03,16430,446,2.6,16876,6460171,134192,6594363
2021-08-02,18713,455,2.4,19168,6443741,133746,6577487
2021-08-01,8842,242,2.7,9084,6425028,133291,6558319
2021-07-31,9428,249,2.6,9677,6416186,133049,6549235
2021-07-30,15588,354,2.2,15942,6406758,132800,6539558
2021-07-29,14939,346,2.3,15285,6391170,132446,6523616
2021-07-28,15271,422,2.7,15693,6376231,132100,6508331
2021-07-27,14643,349,2.3,14992,6360960,131678,6492638
2021-07-26,16071,315,1.9,16386,6346317,131329,6477646
2021-07-25,7359,199,2.6,7558,6330246,131014,6461260
2021-07-24,7364,175,2.3,7539,6322887,130815,6453702
2021-07-23,12410,251,2.0,12661,6315523,130640,6446163
2021-07-22,13060,215,1.6,13275,6303113,130389,6433502
2021-07-21,12474,260,2.0,12734,6290053,130174,6420227
2021-07-20,11632,173,1.5,11805,6277579,129914,6407493
2021-07-19,14163,229,1.6,14392,6265947,129741,6395688
2021-07-18,6774,144,2.1,6918,6251784,129512,6381296
2021-07-17,6508,111,1.7,6619,6245010,129368,6374378
2021-07-16,11631,226,1.9,11857,6238502,129257,6367759
2021-07-15,12354,186,1.5,12540,6226871,129031,6355902
2021-07-14,12604,183,1.4,12787,6214517,128845,6343362
2021-07-13,11980,146,1.2,12126,6201913,128662,6330575
2021-07-12,14373,187,1.3,14560,6189933,128516,6318449
2021-07-11,6730,101,1.5,6831,6175560,128329,6303889
2021-07-10,7149,108,1.5,7257,6168830,128228,6297058
2021-07-09,14397,175,1.2,14572,6161681,128120,6289801
2021-07-08,16272,183,1.1,16455,6147284,127945,6275229
2021-07-07,15820,204,1.3,16024,6131012,127762,6258774
2021-07-06,13951,200,1.4,14151,6115192,127558,6242750
2021-07-05,17468,207,1.2,17675,6101241,127358,6228599
2021-07-04,7888,123,1.5,8011,6083773,127151,6210924
2021-07-03,7923,99,1.2,8022,6075885,127028,6202913
2021-07-02,15812,186,1.2,15998,6067962,126929,6194891
2021-07-01,17644,197,1.1,17841,6052150,126743,6178893
2021-06-30,18050,261,1.4,18311,6034506,126546,6161052
2021-06-29,15970,213,1.3,16183,6016456,126285,6142741
2021-06-28,19565,226,1.1,19791,6000486,126072,6126558
2021-06-27,8079,106,1.3,8185,5980921,125846,6106767
2021-06-26,7670,106,1.4,7776,5972842,125740,6098582
2021-06-25,16134,174,1.1,16308,5965172,125634,6090806
2021-06-24,16805,174,1.0,16979,5949038,125460,6074498
2021-06-23,16438,239,1.4,16677,5932233,125286,6057519
2021-06-22,16074,266,1.6,16340,5915795,125047,6040842
2021-06-21,19502,205,1.0,19707,5899721,124781,6024502
2021-06-20,8572,115,1.3,8687,5880219,124576,6004795
2021-06-19,9322,153,1.6,9475,5871647,124461,5996108
2021-06-18,16298,172,1.0,16470,5862325,124308,5986633
2021-06-17,17484,197,1.1,17681,5846027,124136,5970163
2021-06-16,17803,215,1.2,18018,5828543,123939,5952482
2021-06-15,17788,195,1.1,17983,5810740,123724,5934464
2021-06-14,21518,207,1.0,21725,5792952,123529,5916481
2021-06-13,7979,111,1.4,8090,5771434,123322,5894756
2021-06-12,7876,129,1.6,8005,5763455,123211,5886666
2021-06-11,16206,155,0.9,16361,5755579,123082,5878661
2021-06-10,16663,202,1.2,16865,5739373,122927,5862300
2021-06-09,17036,207,1.2,17243,5722710,122725,5845435
2021-06-08,16908,215,1.3,17123,5705674,122518,5828192
2021-06-07,20907,203,1.0,21110,5688766,122303,5811069
2021-06-06,7820,151,1.9,7971,5667859,122100,5789959
2021-06-05,7801,145,1.8,7946,5660039,121949,5781988
2021-06-04,17019,262,1.5,17281,5652238,121804,5774042
2021-06-03,19383,282,1.4,19665,5635219,121542,5756761
2021-06-02,20828,293,1.4,21121,5615836,121260,5737096
2021-06-01,19320,387,2.0,19707,5595008,120967,5715975
2021-05-31,23159,344,1.5,23503,5575688,120580,5696268
2021-05-30,9389,185,1.9,9574,5552529,120236,5672765
2021-05-29,8645,199,2.3,8844,5543140,120051,5663191
2021-05-28,19467,347,1.8,19814,5534495,119852,5654347
2021-05-27,20040,384,1.9,20424,5515028,119505,5634533
2021-05-26,23678,363,1.5,24041,5494988,119121,5614109
2021-05-25,28609,428,1.5,29037,5471310,118758,5590068
2021-05-24,16354,383,2.3,16737,5442701,118330,5561031
2021-05-23,13320,338,2.5,13658,5426347,117947,5544294
2021-05-22,13100,352,2.6,13452,5413027,117609,5530636
2021-05-21,25832,668,2.5,26500,5399927,117257,5517184
2021-05-20,25625,603,2.3,26228,5374095,116589,5490684
2021-05-19,25840,541,2.1,26381,5348470,115986,5464456
2021-05-18,26424,542,2.0,26966,5322630,115445,5438075
2021-05-17,5508,183,3.2,5691,5296206,114903,5411109
2021-05-16,9151,278,2.9,9429,5290698,114720,5405418
2021-05-15,9706,240,2.4,9946,5281547,114442,5395989
2021-05-14,17578,415,2.3,17993,5271841,114202,5386043
2021-05-13,11602,298,2.5,11900,5254263,113787,5368050
2021-05-12,18835,380,2.0,19215,5242661,113489,5356150
2021-05-11,21175,427,2.0,21602,5223826,113109,5336935
2021-05-10,25511,524,2.0,26035,5202651,112682,5315333
2021-05-09,10551,352,3.2,10903,5177140,112158,5289298
2021-05-08,9370,352,3.6,9722,5166589,111806,5278395
2021-05-07,18695,438,2.3,19133,5157219,111454,5268673
2021-05-06,19918,509,2.5,20427,5138524,111016,5249540
2021-05-05,22209,495,2.2,22704,5118606,110507,5229113
2021-05-04,21417,463,2.1,21880,5096397,110012,5206409
2021-05-03,24364,511,2.1,24875,5074980,109549,5184529
2021-05-02,9345,296,3.1,9641,5050616,109038,5159654
2021-05-01,8244,251,3.0,8495,5041271,108742,5150013
2021-04-30,18591,441,2.3,19032,5033027,108491,5141518
2021-04-29,19250,414,2.1,19664,5014436,108050,5122486
2021-04-28,20633,419,2.0,21052,4995186,107636,5102822
2021-04-27,20978,481,2.2,21459,4974553,107217,5081770
2021-04-26,24361,502,2.0,24863,4953575,106736,5060311
2021-04-25,9280,317,3.3,9597,4929214,106234,5035448
2021-04-24,9585,287,2.9,9872,4919934,105917,5025851
2021-04-23,20257,510,2.5,20767,4910349,105630,5015979
2021-04-22,19102,463,2.4,19565,4890092,105120,4995212
2021-04-21,19099,538,2.7,19637,4870990,104657,4975647
2021-04-20,18377,532,2.8,18909,4851891,104119,4956010
2021-04-19,22266,575,2.5,22841,4833514,103587,4937101
2021-04-18,8626,346,3.9,8972,4811248,103012,4914260
2021-04-17,9184,331,3.5,9515,4802622,102666,4905288
2021-04-16,17743,579,3.2,18322,4793438,102335,4895773
2021-04-15,19168,549,2.8,19717,4775695,101756,4877451
2021-04-14,21363,601,2.7,21964,4756527,101207,4857734
2021-04-13,20975,595,2.8,21570,4735164,100606,4835770
2021-04-12,27003,738,2.7,27741,4714189,100011,4814200
2021-04-11,10770,395,3.5,11165,4687186,99273,4786459
2021-04-10,12612,496,3.8,13108,4676416,98878,4775294
2021-04-09,23392,712,3.0,24104,4663804,98382,4762186
2021-04-08,22335,769,3.3,23104,4640412,97670,4738082
2021-04-07,25323,848,3.2,26171,4618077,96901,4714978
2021-04-06,30451,888,2.8,31339,4592754,96053,4688807
2021-04-05,16026,715,4.3,16741,4562303,95165,4657468
2021-04-04,10739,653,5.7,11392,4546277,94450,4640727
2021-04-03,10252,612,5.6,10864,4535538,93797,4629335
2021-04-02,10677,699,6.1,11376,4525286,93185,4618471
2021-04-01,9903,624,5.9,10527,4514609,92486,4607095
2021-03-31,17609,805,4.4,18414,4504706,91862,4596568
2021-03-30,20997,849,3.9,21846,4487097,91057,4578154
2021-03-29,29533,865,2.8,30398,4466100,90208,4556308
2021-03-28,13639,477,3.4,14116,4436567,89343,4525910
2021-03-27,17197,602,3.4,17799,4422928,88866,4511794
2021-03-26,32137,895,2.7,33032,4405731,88264,4493995
2021-03-25,32519,871,2.6,33390,4373594,87369,4460963
2021-03-24,33774,1001,2.9,34775,4341075,86498,4427573
2021-03-23,31964,966,2.9,32930,4307301,85497,4392798
2021-03-22,35962,1107,3.0,37069,4275337,84531,4359868
2021-03-21,14951,649,4.2,15600,4239375,83424,4322799
2021-03-20,16540,709,4.1,17249,4224424,82775,4307199
2021-03-19,29091,1000,3.3,30091,4207884,82066,4289950
2021-03-18,30682,1044,3.3,31726,4178793,81066,4259859
2021-03-17,31732,1059,3.2,32791,4148111,80022,4228133
2021-03-16,29883,1007,3.3,30890,4116379,78963,4195342
2021-03-15,34308,1107,3.1,35415,4086496,77956,4164452
2021-03-14,15847,698,4.2,16545,4052188,76849,4129037
2021-03-13,16354,736,4.3,17090,4036341,76151,4112492
2021-03-12,28855,950,3.2,29805,4019987,75415,4095402
2021-03-11,29775,780,2.6,30555,3991132,74465,4065597
2021-03-10,30688,854,2.7,31542,3961357,73685,4035042
2021-03-09,30870,798,2.5,31668,3930669,72831,4003500
2021-03-08,35084,846,2.4,35930,3899799,72033,3971832
2021-03-07,14944,572,3.7,15516,3864715,71187,3935902
2021-03-06,15199,465,3.0,15664,3849771,70615,3920386
2021-03-05,25510,703,2.7,26213,3834572,70150,3904722
2021-03-04,24277,601,2.4,24878,3809062,69447,3878509
2021-03-03,23776,659,2.7,24435,3784785,68846,3853631
2021-03-02,23333,639,2.7,23972,3761009,68187,3829196
2021-03-01,26386,551,2.0,26937,3737676,67548,3805224
2021-02-28,10931,392,3.5,11323,3711290,66997,3778287
2021-02-27,10165,381,3.6,10546,3700359,66605,3766964
2021-02-26,19113,493,2.5,19606,3690194,66224,3756418
2021-02-25,18208,527,2.8,18735,3671081,65731,3736812
2021-02-24,17785,461,2.5,18246,3652873,65204,3718077
2021-02-23,16657,445,2.6,17102,3635088,64743,3699831
2021-02-22,20128,411,2.0,20539,3618431,64298,3682729
2021-02-21,7445,221,2.9,7666,3598303,63887,3662190
2021-02-20,8697,216,2.4,8913,3590858,63666,3654524
2021-02-19,17777,338,1.9,18115,3582161,63450,3645611
2021-02-18,18452,301,1.6,18753,3564384,63112,3627496
2021-02-17,19560,320,1.6,19880,3545932,62811,3608743
2021-02-16,19375,305,1.5,19680,3526372,62491,3588863
2021-02-15,21931,332,1.5,22263,3506997,62186,3569183
2021-02-14,6577,160,2.4,6737,3485066,61854,3546920
2021-02-13,8184,185,2.2,8369,3478489,61694,3540183
2021-02-12,17852,247,1.4,18099,3470305,61509,3531814
2021-02-11,17543,262,1.5,17805,3452453,61262,3513715
2021-02-10,19113,310,1.6,19423,3434910,61000,3495910
2021-02-09,20705,270,1.3,20975,3415797,60690,3476487
2021-02-08,22618,301,1.3,22919,3395092,60420,3455512
2021-02-07,6711,167,2.4,6878,3372474,60119,3432593
2021-02-06,7395,198,2.6,7593,3365763,59952,3425715
2021-02-05,15786,288,1.8,16074,3358368,59754,3418122
2021-02-04,17379,253,1.4,17632,3342582,59466,3402048
2021-02-03,17634,325,1.8,17959,3325203,59213,3384416
2021-02-02,17521,294,1.7,17815,3307569,58888,3366457
2021-02-01,22310,319,1.4,22629,3290048,58594,3348642
2021-01-31,6954,182,2.6,7136,3267738,58275,3326013
2021-01-30,7138,175,2.4,7313,3260784,58093,3318877
2021-01-29,17653,295,1.6,17948,3253646,57918,3311564
2021-01-28,20152,285,1.4,20437,3235993,57623,3293616
2021-01-27,20405,344,1.7,20749,3215841,57338,3273179
2021-01-26,21071,276,1.3,21347,3195436,56994,3252430
2021-01-25,27557,387,1.4,27944,3174365,56718,3231083
2021-01-24,9390,189,2.0,9579,3146808,56331,3203139
2021-01-23,8278,212,2.5,8490,3137418,56142,3193560
2021-01-22,14747,331,2.2,15078,3129140,55930,3185070
2021-01-21,14906,345,2.3,15251,3114393,55599,3169992
2021-01-20,17211,354,2.0,17565,3099487,55254,3154741
2021-01-19,17512,342,1.9,17854,3082276,54900,3137176
2021-01-18,22875,446,1.9,23321,3064764,54558,3119322
2021-01-17,8425,226,2.6,8651,3041889,54112,3096001
2021-01-16,8402,267,3.1,8669,3033464,53886,3087350
2021-01-15,18201,398,2.1,18599,3025062,53619,3078681
2021-01-14,19751,454,2.2,20205,3006861,53221,3060082
2021-01-13,21799,462,2.1,22261,2987110,52767,3039877
2021-01-12,22965,562,2.4,23527,2965311,52305,3017616
2021-01-11,31977,639,2.0,32616,2942346,51743,2994089
2021-01-10,14241,435,3.0,14676,2910369,51104,2961473
2021-01-09,14981,414,2.7,15395,2896128,50669,2946797
2021-01-08,26990,651,2.4,27641,2881147,50255,2931402
2021-01-07,28477,738,2.5,29215,2854157,49604,2903761
2021-01-06,29111,710,2.4,29821,2825680,48866,2874546
2021-01-05,30902,794,2.5,31696,2796569,48156,2844725
2021-01-04,37015,938,2.5,37953,2765667,47362,2813029
2021-01-03,14863,447,2.9,15310,2728652,46424,2775076
2021-01-02,14825,526,3.4,15351,2713789,45977,2759766
2021-01-01,6921,346,4.8,7267,2698964,45451,2744415
2020-12-31,8632,434,4.8,9066,2692043,45105,2737148
2020-12-30,18463,639,3.3,19102,2683411,44671,2728082
2020-12-29,18633,699,3.6,19332,2664948,44032,2708980
2020-12-28,21001,778,3.6,21779,2646315,43333,2689648
2020-12-27,9891,425,4.1,10316,2625314,42555,2667869
2020-12-26,10472,466,4.3,10938,2615423,42130,2657553
2020-12-25,6303,293,4.4,6596,2604951,41664,2646615
2020-12-24,5797,292,4.8,6089,2598648,41371,2640019
2020-12-23,17762,587,3.2,18349,2592851,41079,2633930
2020-12-22,25995,560,2.1,26555,2575089,40492,2615581
2020-12-21,31224,621,2.0,31845,2549094,39932,2589026
2020-12-20,12423,299,2.4,12722,2517870,39311,2557181
2020-12-19,13004,309,2.3,13313,2505447,39012,2544459
2020-12-18,23801,475,2.0,24276,2492443,38703,2531146
2020-12-17,23535,431,1.8,23966,2468642,38228,2506870
2020-12-16,22687,450,1.9,23137,2445107,37797,2482904
2020-12-15,22177,440,1.9,22617,2422420,37347,2459767
2020-12-14,25583,544,2.1,26127,2400243,36907,2437150
2020-12-13,8856,285,3.1,9141,2374660,36363,2411023
2020-12-12,8723,256,2.9,8979,2365804,36078,2401882
2020-12-11,17416,403,2.3,17819,2357081,35822,2392903
2020-12-10,18893,435,2.3,19328,2339665,35419,2375084
2020-12-09,18475,453,2.4,18928,2320772,34984,2355756
2020-12-08,18659,392,2.1,19051,2302297,34531,2336828
2020-12-07,23211,500,2.1,23711,2283638,34139,2317777
2020-12-06,7102,262,3.6,7364,2260427,33639,2294066
2020-12-05,6557,252,3.7,6809,2253325,33377,2286702
2020-12-04,15321,382,2.4,15703,2246768,33125,2279893
2020-12-03,17186,400,2.3,17586,2231447,32743,2264190
2020-12-02,17251,420,2.4,17671,2214261,32343,2246604
2020-12-01,18021,362,2.0,18383,2197010,31923,2228933
2020-11-30,22584,448,1.9,23032,2178989,31561,2210550
2020-11-29,6885,228,3.2,7113,2156405,31113,2187518
2020-11-28,6785,236,3.4,7021,2149520,30885,2180405
2020-11-27,15500,447,2.8,15947,2142735,30649,2173384
2020-11-26,18134,477,2.6,18611,2127235,30202,2157437
2020-11-25,18928,513,2.6,19441,2109101,29725,2138826
2020-11-24,19120,415,2.1,19535,2090173,29212,2119385
2020-11-23,25194,609,2.4,25803,2071053,28797,2099850
2020-11-22,8088,279,3.3,8367,2045859,28188,2074047
2020-11-21,8012,288,3.5,8300,2037771,27909,2065680
2020-11-20,17627,519,2.9,18146,2029759,27621,2057380
2020-11-19,18826,564,2.9,19390,2012132,27102,2039234
2020-11-18,20974,652,3.0,21626,1993306,26538,2019844
2020-11-17,21198,635,2.9,21833,1972332,25886,1998218
2020-11-16,27828,722,2.5,28550,1951134,25251,1976385
2020-11-15,10556,405,3.7,10961,1923306,24529,1947835
2020-11-14,9537,379,3.8,9916,1912750,24124,1936874
2020-11-13,21474,697,3.1,22171,1903213,23745,1926958
2020-11-12,23054,637,2.7,23691,1881739,23048,1904787
2020-11-11,23201,662,2.8,23863,1858685,22411,1881096
2020-11-10,25130,603,2.3,25733,1835484,21749,1857233
2020-11-09,30463,706,2.3,31169,1810354,21146,1831500
2020-11-08,11366,385,3.3,11751,1779891,20440,1800331
2020-11-07,12178,388,3.1,12566,1768525,20055,1788580
2020-11-06,26732,650,2.4,27382,1756347,19667,1776014
2020-11-05,27291,602,2.2,27893,1729615,19017,1748632
2020-11-04,25187,690,2.7,25877,1702324,18415,1720739
2020-11-03,26652,682,2.5,27334,1677137,17725,1694862
2020-11-02,27397,647,2.3,28044,1650485,17043,1667528
2020-11-01,9428,323,3.3,9751,1623088,16396,1639484
2020-10-31,9258,385,4.0,9643,1613660,16073,1629733
2020-10-30,20073,617,3.0,20690,1604402,15688,1620090
2020-10-29,20665,431,2.0,21096,1584329,15071,1599400
2020-10-28,20852,514,2.4,21366,1563664,14640,1578304
2020-10-27,20684,391,1.9,21075,1542812,14126,1556938
2020-10-26,23166,487,2.1,23653,1522128,13735,1535863
2020-10-25,7636,202,2.6,7838,1498962,13248,1512210
2020-10-24,7300,231,3.1,7531,1491326,13046,1504372
2020-10-23,15122,368,2.4,15490,1484026,12815,1496841
2020-10-22,15380,285,1.8,15665,1468904,12447,1481351
2020-10-21,16046,221,1.4,16267,1453524,12162,1465686
2020-10-20,16895,183,1.1,17078,1437478,11941,1449419
2020-10-19,20535,219,1.1,20754,1420583,11758,1432341
2020-10-18,6349,93,1.4,6442,1400048,11539,1411587
2020-10-17,5885,88,1.5,5973,1393699,11446,1405145
2020-10-16,13007,137,1.0,13144,1387814,11358,1399172
2020-10-15,13716,141,1.0,13857,1374807,11221,1386028
2020-10-14,15179,162,1.1,15341,1361091,11080,1372171
2020-10-13,15681,155,1.0,15836,1345912,10918,1356830
2020-10-12,19760,167,0.8,19927,1330231,10763,1340994
2020-10-11,6412,78,1.2,6490,1310471,10596,1321067
2020-10-10,5863,65,1.1,5928,1304059,10518,1314577
2020-10-09,12682,141,1.1,12823,1298196,10453,1308649
2020-10-08,12967,168,1.3,13135,1285514,10312,1295826
2020-10-07,14171,199,1.4,14370,1272547,10144,1282691
2020-10-06,14818,198,1.3,15016,1258376,9945,1268321
2020-10-05,19147,209,1.1,19356,1243558,9747,1253305
2020-10-04,5952,89,1.5,6041,1224411,9538,1233949
2020-10-03,5723,110,1.9,5833,1218459,9449,1227908
2020-10-02,13067,134,1.0,13201,1212736,9339,1222075
2020-10-01,12825,131,1.0,12956,1199669,9205,1208874
2020-09-30,14880,120,0.8,15000,1186844,9074,1195918
2020-09-29,15429,110,0.7,15539,1171964,8954,1180918
2020-09-28,19134,124,0.6,19258,1156535,8844,1165379
2020-09-27,5935,54,0.9,5989,1137401,8720,1146121
2020-09-26,5980,63,1.0,6043,1131466,8666,1140132
2020-09-25,13780,130,0.9,13910,1125486,8603,1134089
2020-09-24,14367,133,0.9,14500,1111706,8473,1120179
2020-09-23,16242,143,0.9,16385,1097339,8340,1105679
2020-09-22,16713,101,0.6,16814,1081097,8197,1089294
2020-09-21,20661,163,0.8,20824,1064384,8096,1072480
2020-09-20,5746,77,1.3,5823,1043723,7933,1051656
2020-09-19,5788,58,1.0,5846,1037977,7856,1045833
2020-09-18,14062,94,0.7,14156,1032189,7798,1039987
2020-09-17,15176,117,0.8,15293,1018127,7704,1025831
2020-09-16,17569,137,0.8,17706,1002951,7587,1010538
2020-09-15,18888,133,0.7,19021,985382,7450,992832
2020-09-14,21444,104,0.5,21548,966494,7317,973811
2020-09-13,6697,78,1.2,6775,945050,7213,952263
2020-09-12,7050,67,0.9,7117,938353,7135,945488
2020-09-11,14875,119,0.8,14994,931303,7068,938371
2020-09-10,15571,132,0.8,15703,916428,6949,923377
2020-09-09,17834,124,0.7,17958,900857,6817,907674
2020-09-08,18772,113,0.6,18885,883023,6693,889716
2020-09-07,20908,132,0.6,21040,864251,6580,870831
2020-09-06,6372,60,0.9,6432,843343,6448,849791
2020-09-05,5949,73,1.2,6022,836971,6388,843359
2020-09-04,15489,119,0.8,15608,831022,6315,837337
2020-09-03,17624,125,0.7,17749,815533,6196,821729
2020-09-02,19101,101,0.5,19202,797909,6071,803980
2020-09-01,20336,115,0.6,20451,778808,5970,784778
2020-08-31,22596,148,0.7,22744,758472,5855,764327
2020-08-30,6748,50,0.7,6798,735876,5707,741583
2020-08-29,6356,42,0.7,6398,729128,5657,734785
2020-08-28,16420,84,0.5,16504,722772,5615,728387
2020-08-27,17296,52,0.3,17348,706352,5531,711883
2020-08-26,18827,40,0.2,18867,689056,5479,694535
2020-08-25,19356,42,0.2,19398,670229,5439,675668
2020-08-24,21132,67,0.3,21199,650873,5397,656270
2020-08-23,6948,19,0.3,6967,629741,5330,635071
2020-08-22,6773,45,0.7,6818,622793,5311,628104
2020-08-21,15223,53,0.3,15276,616020,5266,621286
2020-08-20,15623,50,0.3,15673,600797,5213,606010
2020-08-19,16480,60,0.4,16540,585174,5163,590337
2020-08-18,16937,58,0.3,16995,568694,5103,573797
2020-08-17,18207,74,0.4,18281,551757,5045,556802
2020-08-16,5274,27,0.5,5301,533550,4971,538521
2020-08-15,5995,44,0.7,6039,528276,4944,533220
2020-08-14,13713,76,0.6,13789,522281,4900,527181
2020-08-13,13223,54,0.4,13277,508568,4824,513392
2020-08-12,13386,63,0.5,13449,495345,4770,500115
2020-08-11,12934,43,0.3,12977,481959,4707,486666
2020-08-10,13445,63,0.5,13508,469025,4664,473689
2020-08-09,3140,34,1.1,3174,455580,4601,460181
2020-08-08,3266,35,1.1,3301,452440,4567,457007
2020-08-07,8367,80,0.9,8447,449174,4532,453706
2020-08-06,8616,79,0.9,8695,440807,4452,445259
2020-08-05,8699,66,0.8,8765,432191,4373,436564
2020-08-04,8406,40,0.5,8446,423492,4307,427799
2020-08-03,9290,38,0.4,9328,415086,4267,419353
2020-08-02,1892,13,0.7,1905,405796,4229,410025
2020-08-01,2100,14,0.7,2114,403904,4216,408120
2020-07-31,5396,72,1.3,5468,401804,4202,406006
2020-07-30,5545,23,0.4,5568,396408,4130,400538
2020-07-29,5860,37,0.6,5897,390863,4107,394970
2020-07-28,5880,16,0.3,5896,385003,4070,389073
2020-07-27,6860,24,0.3,6884,379123,4054,383177
2020-07-26,1464,9,0.6,1473,372263,4030,376293
2020-07-25,1703,6,0.4,1709,370799,4021,374820
2020-07-24,4501,24,0.5,4525,369096,4015,373111
2020-07-23,4479,6,0.1,4485,364595,3991,368586
2020-07-22,4908,22,0.4,4930,360116,3985,364101
2020-07-21,4819,6,0.1,4825,355208,3963,359171
2020-07-20,6003,21,0.3,6024,350389,3957,354346
2020-07-19,1347,3,0.2,1350,344386,3936,348322
2020-07-18,1420,1,0.1,1421,343039,3933,346972
2020-07-17,4135,12,0.3,4147,341619,3932,345551
2020-07-16,4558,4,0.1,4562,337484,3920,341404
2020-07-15,5403,6,0.1,5409,332926,3916,336842
2020-07-14,5260,8,0.2,5268,327523,3910,331433
2020-07-13,6358,19,0.3,6377,322263,3902,326165
2020-07-12,1196,5,0.4,1201,315905,3883,319788
2020-07-11,1393,4,0.3,1397,314709,3878,318587
2020-07-10,4690,13,0.3,4703,313316,3874,317190
2020-07-09,4811,8,0.2,4819,308626,3861,312487
2020-07-08,5296,11,0.2,5307,303815,3853,307668
2020-07-07,5341,10,0.2,5351,298519,3842,302361
2020-07-06,6314,14,0.2,6328,293178,3832,297010
2020-07-05,1198,1,0.1,1199,286864,3818,290682
2020-07-04,1428,2,0.1,1430,285666,3817,289483
2020-07-03,4533,10,0.2,4543,284238,3815,288053
2020-07-02,4740,9,0.2,4749,279705,3805,283510
2020-07-01,5116,8,0.2,5124,274965,3796,278761
2020-06-30,5021,11,0.2,5032,269849,3788,273637
2020-06-29,5922,26,0.4,5948,264828,3777,268605
2020-06-28,992,1,0.1,993,258906,3751,262657
2020-06-27,1106,10,0.9,1116,257914,3750,261664
2020-06-26,3913,22,0.6,3935,256808,3740,260548
2020-06-25,4163,17,0.4,4180,252895,3718,256613
2020-06-24,4615,21,0.5,4636,248732,3701,252433
2020-06-23,4653,13,0.3,4666,244117,3680,247797
2020-06-22,5010,28,0.6,5038,239464,3667,243131
2020-06-21,1030,4,0.4,1034,234454,3639,238093
2020-06-20,1059,6,0.6,1065,233424,3635,237059
2020-06-19,3797,18,0.5,3815,232365,3629,235994
2020-06-18,4552,13,0.3,4565,228568,3611,232179
2020-06-17,4970,15,0.3,4985,224016,3598,227614
2020-06-16,5417,36,0.7,5453,219046,3583,222629
2020-06-15,5837,18,0.3,5855,213629,3547,217176
2020-06-14,1129,6,0.5,1135,207792,3529,211321
2020-06-13,1242,7,0.6,1249,206663,3523,210186
2020-06-12,4622,13,0.3,4635,205421,3516,208937
2020-06-11,4858,11,0.2,4869,200799,3503,204302
2020-06-10,4548,14,0.3,4562,195941,3492,199433
2020-06-09,5649,13,0.2,5662,191393,3478,194871
2020-06-08,5736,19,0.3,5755,185744,3465,189209
2020-06-07,940,9,0.9,949,180008,3446,183454
2020-06-06,944,8,0.8,952,179068,3437,182505
2020-06-05,2905,30,1.0,2935,178124,3429,181553
2020-06-04,2913,17,0.6,2930,175219,3399,178618
2020-06-03,3127,12,0.4,3139,172306,3382,175688
2020-06-02,3819,31,0.8,3850,169179,3370,172549
2020-06-01,739,7,0.9,746,165360,3339,168699
2020-05-31,630,6,0.9,636,164621,3332,167953
2020-05-30,0,0,0.0,0,163991,3326,167317
2020-05-29,2579,16,0.6,2595,163991,3326,167317
2020-05-28,2771,16,0.6,2787,161412,3310,164722
2020-05-27,3272,18,0.5,3290,158641,3294,161935
2020-05-26,3446,12,0.3,3458,155369,3276,158645
2020-05-25,4058,18,0.4,4076,151923,3264,155187
2020-05-24,895,6,0.7,901,147865,3246,151111
2020-05-23,1036,6,0.6,1042,146970,3240,150210
2020-05-22,3322,26,0.8,3348,145934,3234,149168
2020-05-21,1136,14,1.2,1150,142612,3208,145820
2020-05-20,3936,19,0.5,3955,141476,3194,144670
2020-05-19,4644,20,0.4,4664,137540,3175,140715
2020-05-18,4396,17,0.4,4413,132896,3155,136051
2020-05-17,664,4,0.6,668,128500,3138,131638
2020-05-16,1301,13,1.0,1314,127836,3134,130970
2020-05-15,4156,23,0.6,4179,126535,3121,129656
2020-05-14,4183,24,0.6,4207,122379,3098,125477
2020-05-13,4453,19,0.4,4472,118196,3074,121270
2020-05-12,4780,19,0.4,4799,113743,3055,116798
2020-05-11,4380,25,0.6,4405,108963,3036,111999
2020-05-10,993,12,1.2,1005,104583,3011,107594
2020-05-09,1293,11,0.8,1304,103590,2999,106589
2020-05-08,3762,42,1.1,3804,102297,2988,105285
2020-05-07,3722,29,0.8,3751,98535,2946,101481
2020-05-06,4246,39,0.9,4285,94813,2917,97730
2020-05-05,4274,44,1.0,4318,90567,2878,93445
2020-05-04,4687,45,1.0,4732,86293,2834,89127
2020-05-03,1220,44,3.5,1264,81606,2789,84395
2020-05-02,1531,23,1.5,1554,80386,2745,83131
2020-05-01,1467,43,2.8,1510,78855,2722,81577
2020-04-30,4400,39,0.9,4439,77388,2679,80067
2020-04-29,3918,39,1.0,3957,72988,2640,75628
2020-04-28,4065,50,1.2,4115,69070,2601,71671
2020-04-27,4033,71,1.7,4104,65005,2551,67556
2020-04-26,939,37,3.8,976,60972,2480,63452
2020-04-25,1109,25,2.2,1134,60033,2443,62476
2020-04-24,3232,53,1.6,3285,58924,2418,61342
2020-04-23,2902,69,2.3,2971,55692,2365,58057
2020-04-22,3270,77,2.3,3347,52790,2296,55086
2020-04-21,3507,78,2.2,3585,49520,2219,51739
2020-04-20,3691,84,2.2,3775,46013,2141,48154
2020-04-19,1108,36,3.1,1144,42322,2057,44379
2020-04-18,1127,49,4.2,1176,41214,2021,43235
2020-04-17,3023,108,3.4,3131,40087,1972,42059
2020-04-16,3030,80,2.6,3110,37064,1864,38928
2020-04-15,3330,103,3.0,3433,34034,1784,35818
2020-04-14,3243,122,3.6,3365,30704,1681,32385
2020-04-13,1243,77,5.8,1320,27461,1559,29020
2020-04-12,1172,76,6.1,1248,26218,1482,27700
2020-04-11,1314,110,7.7,1424,25046,1406,26452
2020-04-10,1295,68,5.0,1363,23732,1296,25028
2020-04-09,1229,103,7.7,1332,22437,1228,23665
2020-04-08,2162,106,4.7,2268,21208,1125,22333
2020-04-07,2837,140,4.7,2977,19046,1019,20065
2020-04-06,3369,159,4.5,3528,16209,879,17088
2020-04-05,1048,72,6.4,1120,12840,720,13560
2020-04-04,1301,88,6.3,1389,11792,648,12440
2020-04-03,3394,164,4.6,3558,10491,560,11051
2020-04-02,3361,198,5.6,3559,7097,396,7493
2020-04-01,3736,198,5.0,3934,3736,198,3934
