date,n_neg,n_pos,pr100_pos,n_tests,n_neg_cumulative,n_pos_cumulative,n_tests_cumulative
2022-08-16,439,69,13.6,508,9761977,1453350,11215327
2022-08-15,681,154,18.4,835,9761538,1453281,11214819
2022-08-14,364,75,17.1,439,9760857,1453127,11213984
2022-08-13,320,70,17.9,390,9760493,1453052,11213545
2022-08-12,565,163,22.4,728,9760173,1452982,11213155
2022-08-11,674,164,19.6,838,9759608,1452819,11212427
2022-08-10,731,193,20.9,924,9758934,1452655,11211589
2022-08-09,717,202,22.0,919,9758203,1452462,11210665
2022-08-08,775,217,21.9,992,9757486,1452260,11209746
2022-08-07,362,93,20.4,455,9756711,1452043,11208754
2022-08-06,310,60,16.2,370,9756349,1451950,11208299
2022-08-05,566,176,23.7,742,9756039,1451890,11207929
2022-08-04,635,159,20.0,794,9755473,1451714,11207187
2022-08-03,706,204,22.4,910,9754838,1451555,11206393
2022-08-02,752,202,21.2,954,9754132,1451351,11205483
2022-08-01,855,241,22.0,1096,9753380,1451149,11204529
2022-07-31,435,99,18.5,534,9752525,1450908,11203433
2022-07-30,365,113,23.6,478,9752090,1450809,11202899
2022-07-29,648,192,22.9,840,9751725,1450696,11202421
2022-07-28,718,202,22.0,920,9751077,1450504,11201581
2022-07-27,693,206,22.9,899,9750359,1450302,11200661
2022-07-26,766,242,24.0,1008,9749666,1450096,11199762
2022-07-25,872,272,23.8,1144,9748900,1449854,11198754
2022-07-24,416,84,16.8,500,9748028,1449582,11197610
2022-07-23,393,109,21.7,502,9747612,1449498,11197110
2022-07-22,753,237,23.9,990,9747219,1449389,11196608
2022-07-21,856,246,22.3,1102,9746466,1449152,11195618
2022-07-20,809,263,24.5,1072,9745610,1448906,11194516
2022-07-19,832,298,26.4,1130,9744801,1448643,11193444
2022-07-18,942,355,27.4,1297,9743969,1448345,11192314
2022-07-17,458,128,21.8,586,9743027,1447990,11191017
2022-07-16,403,139,25.6,542,9742569,1447862,11190431
2022-07-15,761,327,30.1,1088,9742166,1447723,11189889
2022-07-14,890,295,24.9,1185,9741405,1447396,11188801
2022-07-13,895,327,26.8,1222,9740515,1447101,11187616
2022-07-12,969,349,26.5,1318,9739620,1446774,11186394
2022-07-11,1181,415,26.0,1596,9738651,1446425,11185076
2022-07-10,550,130,19.1,680,9737470,1446010,11183480
2022-07-09,425,133,23.8,558,9736920,1445880,11182800
2022-07-08,902,364,28.8,1266,9736495,1445747,11182242
2022-07-07,1027,379,27.0,1406,9735593,1445383,11180976
2022-07-06,1019,416,29.0,1435,9734566,1445004,11179570
2022-07-05,1047,432,29.2,1479,9733547,1444588,11178135
2022-07-04,1286,493,27.7,1779,9732500,1444156,11176656
2022-07-03,606,156,20.5,762,9731214,1443663,11174877
2022-07-02,558,202,26.6,760,9730608,1443507,11174115
2022-07-01,1055,453,30.0,1508,9730050,1443305,11173355
2022-06-30,1222,593,32.7,1815,9728995,1442852,11171847
2022-06-29,1275,684,34.9,1959,9727773,1442259,11170032
2022-06-28,1367,756,35.6,2123,9726498,1441575,11168073
2022-06-27,1708,992,36.7,2700,9725131,1440819,11165950
2022-06-26,688,225,24.6,913,9723423,1439827,11163250
2022-06-25,614,244,28.4,858,9722735,1439602,11162337
2022-06-24,1395,816,36.9,2211,9722121,1439358,11161479
2022-06-23,1320,757,36.4,2077,9720726,1438542,11159268
2022-06-22,1431,875,37.9,2306,9719406,1437785,11157191
2022-06-21,1598,748,31.9,2346,9717975,1436910,11154885
2022-06-20,1795,940,34.4,2735,9716377,1436162,11152539
2022-06-19,730,174,19.2,904,9714582,1435222,11149804
2022-06-18,548,165,23.1,713,9713852,1435048,11148900
2022-06-17,1452,635,30.4,2087,9713304,1434883,11148187
2022-06-16,1308,552,29.7,1860,9711852,1434248,11146100
2022-06-15,1346,512,27.6,1858,9710544,1433696,11144240
2022-06-14,1406,446,24.1,1852,9709198,1433184,11142382
2022-06-13,1589,582,26.8,2171,9707792,1432738,11140530
2022-06-12,873,129,12.9,1002,9706203,1432156,11138359
2022-06-11,578,119,17.1,697,9705330,1432027,11137357
2022-06-10,1309,421,24.3,1730,9704752,1431908,11136660
2022-06-09,1263,385,23.4,1648,9703443,1431487,11134930
2022-06-08,1301,422,24.5,1723,9702180,1431102,11133282
2022-06-07,1374,514,27.2,1888,9700879,1430680,11131559
2022-06-06,506,122,19.4,628,9699505,1430166,11129671
2022-06-05,479,76,13.7,555,9698999,1430044,11129043
2022-06-04,431,93,17.7,524,9698520,1429968,11128488
2022-06-03,1089,306,21.9,1395,9698089,1429875,11127964
2022-06-02,1098,303,21.6,1401,9697000,1429569,11126569
2022-06-01,1153,315,21.5,1468,9695902,1429266,11125168
2022-05-31,1204,301,20.0,1505,9694749,1428951,11123700
2022-05-30,1567,474,23.2,2041,9693545,1428650,11122195
2022-05-29,450,82,15.4,532,9691978,1428176,11120154
2022-05-28,398,79,16.6,477,9691528,1428094,11119622
2022-05-27,1164,334,22.3,1498,9691130,1428015,11119145
2022-05-26,402,80,16.6,482,9689966,1427681,11117647
2022-05-25,1274,303,19.2,1577,9689564,1427601,11117165
2022-05-24,1395,285,17.0,1680,9688290,1427298,11115588
2022-05-23,1732,423,19.6,2155,9686895,1427013,11113908
2022-05-22,521,74,12.4,595,9685163,1426590,11111753
2022-05-21,492,90,15.5,582,9684642,1426516,11111158
2022-05-20,1260,294,18.9,1554,9684150,1426426,11110576
2022-05-19,1477,285,16.2,1762,9682890,1426132,11109022
2022-05-18,1557,371,19.2,1928,9681413,1425847,11107260
2022-05-17,383,44,10.3,427,9679856,1425476,11105332
2022-05-16,1479,397,21.2,1876,9679473,1425432,11104905
2022-05-15,506,63,11.1,569,9677994,1425035,11103029
2022-05-14,458,86,15.8,544,9677488,1424972,11102460
2022-05-13,1186,291,19.7,1477,9677030,1424886,11101916
2022-05-12,1335,277,17.2,1612,9675844,1424595,11100439
2022-05-11,1260,307,19.6,1567,9674509,1424318,11098827
2022-05-10,1377,291,17.4,1668,9673249,1424011,11097260
2022-05-09,1617,460,22.1,2077,9671872,1423720,11095592
2022-05-08,504,87,14.7,591,9670255,1423260,11093515
2022-05-07,492,90,15.5,582,9669751,1423173,11092924
2022-05-06,1280,319,19.9,1599,9669259,1423083,11092342
2022-05-05,1305,289,18.1,1594,9667979,1422764,11090743
2022-05-04,1536,298,16.2,1834,9666674,1422475,11089149
2022-05-03,1417,333,19.0,1750,9665138,1422177,11087315
2022-05-02,1643,465,22.1,2108,9663721,1421844,11085565
2022-05-01,598,86,12.6,684,9662078,1421379,11083457
2022-04-30,637,107,14.4,744,9661480,1421293,11082773
2022-04-29,1338,344,20.5,1682,9660843,1421186,11082029
2022-04-28,1604,340,17.5,1944,9659505,1420842,11080347
2022-04-27,1649,409,19.9,2058,9657901,1420502,11078403
2022-04-26,1604,352,18.0,1956,9656252,1420093,11076345
2022-04-25,1965,620,24.0,2585,9654648,1419741,11074389
2022-04-24,691,134,16.2,825,9652683,1419121,11071804
2022-04-23,700,157,18.3,857,9651992,1418987,11070979
2022-04-22,1661,549,24.8,2210,9651292,1418830,11070122
2022-04-21,1883,571,23.3,2454,9649631,1418281,11067912
2022-04-20,2109,753,26.3,2862,9647748,1417710,11065458
2022-04-19,2516,1140,31.2,3656,9645639,1416957,11062596
2022-04-18,1121,473,29.7,1594,9643123,1415817,11058940
2022-04-17,807,219,21.3,1026,9642002,1415344,11057346
2022-04-16,758,348,31.5,1106,9641195,1415125,11056320
2022-04-15,774,324,29.5,1098,9640437,1414777,11055214
2022-04-14,844,303,26.4,1147,9639663,1414453,11054116
2022-04-13,1320,564,29.9,1884,9638819,1414150,11052969
2022-04-12,1825,728,28.5,2553,9637499,1413586,11051085
2022-04-11,2505,1159,31.6,3664,9635674,1412858,11048532
2022-04-10,1003,331,24.8,1334,9633169,1411699,11044868
2022-04-09,1103,390,26.1,1493,9632166,1411368,11043534
2022-04-08,2495,948,27.5,3443,9631063,1410978,11042041
2022-04-07,2807,913,24.5,3720,9628568,1410030,11038598
2022-04-06,3054,1221,28.6,4275,9625761,1409117,11034878
2022-04-05,3030,1251,29.2,4281,9622707,1407896,11030603
2022-04-04,3606,1840,33.8,5446,9619677,1406645,11026322
2022-04-03,1283,510,28.4,1793,9616071,1404805,11020876
2022-04-02,1020,549,35.0,1569,9614788,1404295,11019083
2022-04-01,2393,1438,37.5,3831,9613768,1403746,11017514
2022-03-31,2851,1459,33.9,4310,9611375,1402308,11013683
2022-03-30,3072,1968,39.0,5040,9608524,1400849,11009373
2022-03-29,2950,1743,37.1,4693,9605452,1398881,11004333
2022-03-28,3735,2846,43.2,6581,9602502,1397138,10999640
2022-03-27,1169,816,41.1,1985,9598767,1394292,10993059
2022-03-26,1186,987,45.4,2173,9597598,1393476,10991074
2022-03-25,2587,2291,47.0,4878,9596412,1392489,10988901
2022-03-24,2919,2495,46.1,5414,9593825,1390198,10984023
2022-03-23,3258,3245,49.9,6503,9590906,1387703,10978609
2022-03-22,3141,3003,48.9,6144,9587648,1384458,10972106
2022-03-21,3583,4697,56.7,8280,9584507,1381455,10965962
2022-03-20,1267,1289,50.4,2556,9580924,1376758,10957682
2022-03-19,1236,1576,56.0,2812,9579657,1375469,10955126
2022-03-18,2690,3466,56.3,6156,9578421,1373893,10952314
2022-03-17,3163,3777,54.4,6940,9575731,1370427,10946158
2022-03-16,3257,4568,58.4,7825,9572568,1366650,10939218
2022-03-15,3253,4628,58.7,7881,9569311,1362082,10931393
2022-03-14,4022,7378,64.7,11400,9566058,1357454,10923512
2022-03-13,1424,2256,61.3,3680,9562036,1350076,10912112
2022-03-12,1244,2208,64.0,3452,9560612,1347820,10908432
2022-03-11,2970,5385,64.5,8355,9559368,1345612,10904980
2022-03-10,3156,5846,64.9,9002,9556398,1340227,10896625
2022-03-09,3595,7188,66.7,10783,9553242,1334381,10887623
2022-03-08,3588,7558,67.8,11146,9549647,1327193,10876840
2022-03-07,4106,11621,73.9,15727,9546059,1319635,10865694
2022-03-06,1681,3397,66.9,5078,9541953,1308014,10849967
2022-03-05,1639,3722,69.4,5361,9540272,1304617,10844889
2022-03-04,3150,8291,72.5,11441,9538633,1300895,10839528
2022-03-03,3750,8896,70.3,12646,9535483,1292604,10828087
2022-03-02,4209,11102,72.5,15311,9531733,1283708,10815441
2022-03-01,4395,12468,73.9,16863,9527524,1272606,10800130
2022-02-28,5033,17547,77.7,22580,9523129,1260138,10783267
2022-02-27,1980,6188,75.8,8168,9518096,1242591,10760687
2022-02-26,2060,6210,75.1,8270,9516116,1236403,10752519
2022-02-25,4205,14545,77.6,18750,9514056,1230193,10744249
2022-02-24,5108,15342,75.0,20450,9509851,1215648,10725499
2022-02-23,5455,18140,76.9,23595,9504743,1200306,10705049
2022-02-22,5611,18336,76.6,23947,9499288,1182166,10681454
2022-02-21,5994,22217,78.8,28211,9493677,1163830,10657507
2022-02-20,2719,7537,73.5,10256,9487683,1141613,10629296
2022-02-19,2809,7700,73.3,10509,9484964,1134076,10619040
2022-02-18,5528,15700,74.0,21228,9482155,1126376,10608531
2022-02-17,6257,15827,71.7,22084,9476627,1110676,10587303
2022-02-16,6603,17191,72.2,23794,9470370,1094849,10565219
2022-02-15,5983,16667,73.6,22650,9463767,1077658,10541425
2022-02-14,6388,20273,76.0,26661,9457784,1060991,10518775
2022-02-13,3043,7832,72.0,10875,9451396,1040718,10492114
2022-02-12,3486,9193,72.5,12679,9448353,1032886,10481239
2022-02-11,8542,20538,70.6,29080,9444867,1023693,10468560
2022-02-10,9749,21935,69.2,31684,9436325,1003155,10439480
2022-02-09,11020,24017,68.5,35037,9426576,981220,10407796
2022-02-08,10465,25520,70.9,35985,9415556,957203,10372759
2022-02-07,11354,29479,72.2,40833,9405091,931683,10336774
2022-02-06,4958,11102,69.1,16060,9393737,902204,10295941
2022-02-05,4726,10968,69.9,15694,9388779,891102,10279881
2022-02-04,8984,17422,66.0,26406,9384053,880134,10264187
2022-02-03,10569,17534,62.4,28103,9375069,862712,10237781
2022-02-02,12309,20359,62.3,32668,9364500,845178,10209678
2022-02-01,14174,23470,62.3,37644,9352191,824819,10177010
2022-01-31,15881,27867,63.7,43748,9338017,801349,10139366
2022-01-30,6411,11548,64.3,17959,9322136,773482,10095618
2022-01-29,6570,10780,62.1,17350,9315725,761934,10077659
2022-01-28,12496,19003,60.3,31499,9309155,751154,10060309
2022-01-27,14606,20095,57.9,34701,9296659,732151,10028810
2022-01-26,16702,22090,56.9,38792,9282053,712056,9994109
2022-01-25,18012,23591,56.7,41603,9265351,689966,9955317
2022-01-24,21998,28366,56.3,50364,9247339,666375,9913714
2022-01-23,9240,12869,58.2,22109,9225341,638009,9863350
2022-01-22,9924,12270,55.3,22194,9216101,625140,9841241
2022-01-21,19582,18559,48.7,38141,9206177,612870,9819047
2022-01-20,20075,18280,47.7,38355,9186595,594311,9780906
2022-01-19,20719,18156,46.7,38875,9166520,576031,9742551
2022-01-18,21145,18541,46.7,39686,9145801,557875,9703676
2022-01-17,22665,20821,47.9,43486,9124656,539334,9663990
2022-01-16,9311,8643,48.1,17954,9101991,518513,9620504
2022-01-15,8913,7748,46.5,16661,9092680,509870,9602550
2022-01-14,16136,11350,41.3,27486,9083767,502122,9585889
2022-01-13,18312,10884,37.3,29196,9067631,490772,9558403
2022-01-12,18787,11137,37.2,29924,9049319,479888,9529207
2022-01-11,18149,10917,37.6,29066,9030532,468751,9499283
2022-01-10,21158,12140,36.5,33298,9012383,457834,9470217
2022-01-09,9195,5178,36.0,14373,8991225,445694,9436919
2022-01-08,8486,4435,34.3,12921,8982030,440516,9422546
2022-01-07,15320,6376,29.4,21696,8973544,436081,9409625
2022-01-06,18361,6220,25.3,24581,8958224,429705,9387929
2022-01-05,19506,7047,26.5,26553,8939863,423485,9363348
2022-01-04,19337,8016,29.3,27353,8920357,416438,9336795
2022-01-03,22513,9145,28.9,31658,8901020,408422,9309442
2022-01-02,8998,4056,31.1,13054,8878507,399277,9277784
2022-01-01,5463,2590,32.2,8053,8869509,395221,9264730
2021-12-31,7641,2833,27.0,10474,8864046,392631,9256677
2021-12-30,12933,4193,24.5,17126,8856405,389798,9246203
2021-12-29,14711,4172,22.1,18883,8843472,385605,9229077
2021-12-28,14802,4017,21.3,18819,8828761,381433,9210194
2021-12-27,15814,4798,23.3,20612,8813959,377416,9191375
2021-12-26,7403,2439,24.8,9842,8798145,372618,9170763
2021-12-25,5500,2026,26.9,7526,8790742,370179,9160921
2021-12-24,5042,1781,26.1,6823,8785242,368153,9153395
2021-12-23,13131,3353,20.3,16484,8780200,366372,9146572
2021-12-22,19689,3690,15.8,23379,8767069,363019,9130088
2021-12-21,25126,4174,14.2,29300,8747380,359329,9106709
2021-12-20,30058,5366,15.1,35424,8722254,355155,9077409
2021-12-19,13935,2606,15.8,16541,8692196,349789,9041985
2021-12-18,15146,2749,15.4,17895,8678261,347183,9025444
2021-12-17,27597,4252,13.4,31849,8663115,344434,9007549
2021-12-16,28953,4657,13.9,33610,8635518,340182,8975700
2021-12-15,30372,5024,14.2,35396,8606565,335525,8942090
2021-12-14,30870,5200,14.4,36070,8576193,330501,8906694
2021-12-13,31792,6646,17.3,38438,8545323,325301,8870624
2021-12-12,14005,3212,18.7,17217,8513531,318655,8832186
2021-12-11,13977,3166,18.5,17143,8499526,315443,8814969
2021-12-10,27970,5184,15.6,33154,8485549,312277,8797826
2021-12-09,26628,5301,16.6,31929,8457579,307093,8764672
2021-12-08,26348,5310,16.8,31658,8430951,301792,8732743
2021-12-07,25836,5517,17.6,31353,8404603,296482,8701085
2021-12-06,28289,6473,18.6,34762,8378767,290965,8669732
2021-12-05,11009,2898,20.8,13907,8350478,284492,8634970
2021-12-04,10759,2681,19.9,13440,8339469,281594,8621063
2021-12-03,21214,4293,16.8,25507,8328710,278913,8607623
2021-12-02,21782,4186,16.1,25968,8307496,274620,8582116
2021-12-01,20205,4073,16.8,24278,8285714,270434,8556148
2021-11-30,20131,3788,15.8,23919,8265509,266361,8531870
2021-11-29,21659,4688,17.8,26347,8245378,262573,8507951
2021-11-28,7813,1845,19.1,9658,8223719,257885,8481604
2021-11-27,7481,1796,19.4,9277,8215906,256040,8471946
2021-11-26,13773,2728,16.5,16501,8208425,254244,8462669
2021-11-25,15675,2822,15.3,18497,8194652,251516,8446168
2021-11-24,16324,2939,15.3,19263,8178977,248694,8427671
2021-11-23,16415,2800,14.6,19215,8162653,245755,8408408
2021-11-22,19933,3534,15.1,23467,8146238,242955,8389193
2021-11-21,7025,1351,16.1,8376,8126305,239421,8365726
2021-11-20,6812,1378,16.8,8190,8119280,238070,8357350
2021-11-19,13915,2222,13.8,16137,8112468,236692,8349160
2021-11-18,14835,2335,13.6,17170,8098553,234470,8333023
2021-11-17,16587,2434,12.8,19021,8083718,232135,8315853
2021-11-16,16609,2140,11.4,18749,8067131,229701,8296832
2021-11-15,19920,2861,12.6,22781,8050522,227561,8278083
2021-11-14,6939,1061,13.3,8000,8030602,224700,8255302
2021-11-13,6571,1088,14.2,7659,8023663,223639,8247302
2021-11-12,13418,1791,11.8,15209,8017092,222551,8239643
2021-11-11,15913,1773,10.0,17686,8003674,220760,8224434
2021-11-10,17163,1966,10.3,19129,7987761,218987,8206748
2021-11-09,16102,1753,9.8,17855,7970598,217021,8187619
2021-11-08,18330,2390,11.5,20720,7954496,215268,8169764
2021-11-07,6460,958,12.9,7418,7936166,212878,8149044
2021-11-06,5919,885,13.0,6804,7929706,211920,8141626
2021-11-05,12681,1457,10.3,14138,7923787,211035,8134822
2021-11-04,13366,1498,10.1,14864,7911106,209578,8120684
2021-11-03,15276,1652,9.8,16928,7897740,208080,8105820
2021-11-02,14268,1415,9.0,15683,7882464,206428,8088892
2021-11-01,16357,1975,10.8,18332,7868196,205013,8073209
2021-10-31,4993,687,12.1,5680,7851839,203038,8054877
2021-10-30,4762,605,11.3,5367,7846846,202351,8049197
2021-10-29,10749,1179,9.9,11928,7842084,201746,8043830
2021-10-28,12059,1143,8.7,13202,7831335,200567,8031902
2021-10-27,11729,1114,8.7,12843,7819276,199424,8018700
2021-10-26,11101,1055,8.7,12156,7807547,198310,8005857
2021-10-25,12962,1224,8.6,14186,7796446,197255,7993701
2021-10-24,4322,502,10.4,4824,7783484,196031,7979515
2021-10-23,3846,463,10.7,4309,7779162,195529,7974691
2021-10-22,7959,752,8.6,8711,7775316,195066,7970382
2021-10-21,8621,645,7.0,9266,7767357,194314,7961671
2021-10-20,9468,715,7.0,10183,7758736,193669,7952405
2021-10-19,8884,580,6.1,9464,7749268,192954,7942222
2021-10-18,11131,746,6.3,11877,7740384,192374,7932758
2021-10-17,3585,259,6.7,3844,7729253,191628,7920881
2021-10-16,3135,290,8.5,3425,7725668,191369,7917037
2021-10-15,6861,448,6.1,7309,7722533,191079,7913612
2021-10-14,7438,375,4.8,7813,7715672,190631,7906303
2021-10-13,8555,386,4.3,8941,7708234,190256,7898490
2021-10-12,8354,459,5.2,8813,7699679,189870,7889549
2021-10-11,11035,616,5.3,11651,7691325,189411,7880736
2021-10-10,3783,243,6.0,4026,7680290,188795,7869085
2021-10-09,3753,238,6.0,3991,7676507,188552,7865059
2021-10-08,7869,446,5.4,8315,7672754,188314,7861068
2021-10-07,9615,449,4.5,10064,7664885,187868,7852753
2021-10-06,10349,492,4.5,10841,7655270,187419,7842689
2021-10-05,10631,486,4.4,11117,7644921,186927,7831848
2021-10-04,13301,657,4.7,13958,7634290,186441,7820731
2021-10-03,4627,256,5.2,4883,7620989,185784,7806773
2021-10-02,4147,300,6.7,4447,7616362,185528,7801890
2021-10-01,9513,488,4.9,10001,7612215,185228,7797443
2021-09-30,11449,498,4.2,11947,7602702,184740,7787442
2021-09-29,12643,583,4.4,13226,7591253,184242,7775495
2021-09-28,12740,609,4.6,13349,7578610,183659,7762269
2021-09-27,16533,750,4.3,17283,7565870,183050,7748920
2021-09-26,5546,386,6.5,5932,7549337,182300,7731637
2021-09-25,5530,404,6.8,5934,7543791,181914,7725705
2021-09-24,13077,650,4.7,13727,7538261,181510,7719771
2021-09-23,16155,760,4.5,16915,7525184,180860,7706044
2021-09-22,19195,725,3.6,19920,7509029,180100,7689129
2021-09-21,21064,702,3.2,21766,7489834,179375,7669209
2021-09-20,26837,988,3.6,27825,7468770,178673,7647443
2021-09-19,8850,481,5.2,9331,7441933,177685,7619618
2021-09-18,8164,510,5.9,8674,7433083,177204,7610287
2021-09-17,15978,684,4.1,16662,7424919,176694,7601613
2021-09-16,20456,810,3.8,21266,7408941,176010,7584951
2021-09-15,23496,921,3.8,24417,7388485,175200,7563685
2021-09-14,24932,1012,3.9,25944,7364989,174279,7539268
2021-09-13,29311,1313,4.3,30624,7340057,173267,7513324
2021-09-12,10377,778,7.0,11155,7310746,171954,7482700
2021-09-11,9916,665,6.3,10581,7300369,171176,7471545
2021-09-10,22607,1183,5.0,23790,7290453,170511,7460964
2021-09-09,26081,1326,4.8,27407,7267846,169328,7437174
2021-09-08,29476,1382,4.5,30858,7241765,168002,7409767
2021-09-07,32679,1438,4.2,34117,7212289,166620,7378909
2021-09-06,38295,1784,4.5,40079,7179610,165182,7344792
2021-09-05,14866,954,6.0,15820,7141315,163398,7304713
2021-09-04,14891,992,6.2,15883,7126449,162444,7288893
2021-09-03,29372,1545,5.0,30917,7111558,161452,7273010
2021-09-02,33766,1523,4.3,35289,7082186,159907,7242093
2021-09-01,34391,1613,4.5,36004,7048420,158384,7206804
2021-08-31,36077,1624,4.3,37701,7014029,156771,7170800
2021-08-30,39393,1856,4.5,41249,6977952,155147,7133099
2021-08-29,15637,956,5.8,16593,6938559,153291,7091850
2021-08-28,15570,1000,6.0,16570,6922922,152335,7075257
2021-08-27,27276,1435,5.0,28711,6907352,151335,7058687
2021-08-26,29115,1394,4.6,30509,6880076,149900,7029976
2021-08-25,29936,1414,4.5,31350,6850961,148506,6999467
2021-08-24,28781,1336,4.4,30117,6821025,147092,6968117
2021-08-23,29610,1179,3.8,30789,6792244,145756,6938000
2021-08-22,11642,554,4.5,12196,6762634,144577,6907211
2021-08-21,11123,592,5.1,11715,6750992,144023,6895015
2021-08-20,20647,741,3.5,21388,6739869,143431,6883300
2021-08-19,19557,670,3.3,20227,6719222,142690,6861912
2021-08-18,19365,689,3.4,20054,6699665,142020,6841685
2021-08-17,18621,637,3.3,19258,6680300,141331,6821631
2021-08-16,20680,625,2.9,21305,6661679,140694,6802373
2021-08-15,9413,376,3.8,9789,6640999,140069,6781068
2021-08-14,9928,435,4.2,10363,6631586,139693,6771279
2021-08-13,17115,546,3.1,17661,6621658,139258,6760916
2021-08-12,17235,539,3.0,17774,6604543,138712,6743255
2021-08-11,18162,610,3.2,18772,6587308,138173,6725481
2021-08-10,17823,576,3.1,18399,6569146,137563,6706709
2021-08-09,21229,669,3.1,21898,6551323,136987,6688310
2021-08-08,9539,331,3.4,9870,6530094,136318,6666412
2021-08-07,9614,322,3.2,9936,6520555,135987,6656542
2021-08-06,16493,478,2.8,16971,6510941,135665,6646606
2021-08-05,17028,463,2.6,17491,6494448,135187,6629635
2021-08-04,17296,502,2.8,17798,6477420,134724,6612144
2021-08-03,16429,446,2.6,16875,6460124,134222,6594346
2021-08-02,18713,455,2.4,19168,6443695,133776,6577471
2021-08-01,8839,245,2.7,9084,6424982,133321,6558303
2021-07-31,9428,250,2.6,9678,6416143,133076,6549219
2021-07-30,15588,354,2.2,15942,6406715,132826,6539541
2021-07-29,14939,346,2.3,15285,6391127,132472,6523599
2021-07-28,15271,422,2.7,15693,6376188,132126,6508314
2021-07-27,14643,349,2.3,14992,6360917,131704,6492621
2021-07-26,16071,315,1.9,16386,6346274,131355,6477629
2021-07-25,7360,199,2.6,7559,6330203,131040,6461243
2021-07-24,7363,175,2.3,7538,6322843,130841,6453684
2021-07-23,12410,251,2.0,12661,6315480,130666,6446146
2021-07-22,13061,215,1.6,13276,6303070,130415,6433485
2021-07-21,12473,261,2.0,12734,6290009,130200,6420209
2021-07-20,11630,173,1.5,11803,6277536,129939,6407475
2021-07-19,14163,229,1.6,14392,6265906,129766,6395672
2021-07-18,6774,144,2.1,6918,6251743,129537,6381280
2021-07-17,6509,111,1.7,6620,6244969,129393,6374362
2021-07-16,11630,226,1.9,11856,6238460,129282,6367742
2021-07-15,12354,187,1.5,12541,6226830,129056,6355886
2021-07-14,12604,183,1.4,12787,6214476,128869,6343345
2021-07-13,11979,146,1.2,12125,6201872,128686,6330558
2021-07-12,14372,187,1.3,14559,6189893,128540,6318433
2021-07-11,6730,101,1.5,6831,6175521,128353,6303874
2021-07-10,7149,108,1.5,7257,6168791,128252,6297043
2021-07-09,14397,175,1.2,14572,6161642,128144,6289786
2021-07-08,16272,183,1.1,16455,6147245,127969,6275214
2021-07-07,15820,204,1.3,16024,6130973,127786,6258759
2021-07-06,13951,200,1.4,14151,6115153,127582,6242735
2021-07-05,17465,207,1.2,17672,6101202,127382,6228584
2021-07-04,7886,123,1.5,8009,6083737,127175,6210912
2021-07-03,7923,99,1.2,8022,6075851,127052,6202903
2021-07-02,15812,186,1.2,15998,6067928,126953,6194881
2021-07-01,17643,197,1.1,17840,6052116,126767,6178883
2021-06-30,18050,261,1.4,18311,6034473,126570,6161043
2021-06-29,15967,213,1.3,16180,6016423,126309,6142732
2021-06-28,19564,226,1.1,19790,6000456,126096,6126552
2021-06-27,8076,106,1.3,8182,5980892,125870,6106762
2021-06-26,7670,106,1.4,7776,5972816,125764,6098580
2021-06-25,16133,175,1.1,16308,5965146,125658,6090804
2021-06-24,16802,174,1.0,16976,5949013,125483,6074496
2021-06-23,16438,239,1.4,16677,5932211,125309,6057520
2021-06-22,16074,266,1.6,16340,5915773,125070,6040843
2021-06-21,19499,205,1.0,19704,5899699,124804,6024503
2021-06-20,8572,115,1.3,8687,5880200,124599,6004799
2021-06-19,9322,153,1.6,9475,5871628,124484,5996112
2021-06-18,16299,171,1.0,16470,5862306,124331,5986637
2021-06-17,17483,197,1.1,17680,5846007,124160,5970167
2021-06-16,17803,215,1.2,18018,5828524,123963,5952487
2021-06-15,17788,195,1.1,17983,5810721,123748,5934469
2021-06-14,21516,208,1.0,21724,5792933,123553,5916486
2021-06-13,7975,111,1.4,8086,5771417,123345,5894762
2021-06-12,7876,129,1.6,8005,5763442,123234,5886676
2021-06-11,16206,155,0.9,16361,5755566,123105,5878671
2021-06-10,16662,202,1.2,16864,5739360,122950,5862310
2021-06-09,17034,207,1.2,17241,5722698,122748,5845446
2021-06-08,16910,213,1.2,17123,5705664,122541,5828205
2021-06-07,20905,203,1.0,21108,5688754,122328,5811082
2021-06-06,7815,151,1.9,7966,5667849,122125,5789974
2021-06-05,7801,145,1.8,7946,5660034,121974,5782008
2021-06-04,17018,262,1.5,17280,5652233,121829,5774062
2021-06-03,19381,282,1.4,19663,5635215,121567,5756782
2021-06-02,20828,293,1.4,21121,5615834,121285,5737119
2021-06-01,19320,387,2.0,19707,5595006,120992,5715998
2021-05-31,23173,344,1.5,23517,5575686,120605,5696291
2021-05-30,9379,185,1.9,9564,5552513,120261,5672774
2021-05-29,8644,199,2.3,8843,5543134,120076,5663210
2021-05-28,19465,347,1.8,19812,5534490,119877,5654367
2021-05-27,20056,384,1.9,20440,5515025,119530,5634555
2021-05-26,23696,363,1.5,24059,5494969,119146,5614115
2021-05-25,28618,428,1.5,29046,5471273,118783,5590056
2021-05-24,16362,383,2.3,16745,5442655,118355,5561010
2021-05-23,13320,338,2.5,13658,5426293,117972,5544265
2021-05-22,13100,352,2.6,13452,5412973,117634,5530607
2021-05-21,25841,668,2.5,26509,5399873,117282,5517155
2021-05-20,25641,603,2.3,26244,5374032,116614,5490646
2021-05-19,25848,541,2.1,26389,5348391,116011,5464402
2021-05-18,26420,542,2.0,26962,5322543,115470,5438013
2021-05-17,5507,183,3.2,5690,5296123,114928,5411051
2021-05-16,9148,280,3.0,9428,5290616,114745,5405361
2021-05-15,9706,240,2.4,9946,5281468,114465,5395933
2021-05-14,17578,415,2.3,17993,5271762,114225,5385987
2021-05-13,11603,298,2.5,11901,5254184,113810,5367994
2021-05-12,18835,380,2.0,19215,5242581,113512,5356093
2021-05-11,21172,427,2.0,21599,5223746,113132,5336878
2021-05-10,25510,524,2.0,26034,5202574,112705,5315279
2021-05-09,10551,352,3.2,10903,5177064,112181,5289245
2021-05-08,9370,352,3.6,9722,5166513,111829,5278342
2021-05-07,18696,438,2.3,19134,5157143,111477,5268620
2021-05-06,19917,509,2.5,20426,5138447,111039,5249486
2021-05-05,22209,495,2.2,22704,5118530,110530,5229060
2021-05-04,21416,463,2.1,21879,5096321,110035,5206356
2021-05-03,24362,511,2.1,24873,5074905,109572,5184477
2021-05-02,9345,296,3.1,9641,5050543,109061,5159604
2021-05-01,8244,251,3.0,8495,5041198,108765,5149963
2021-04-30,18590,441,2.3,19031,5032954,108514,5141468
2021-04-29,19250,414,2.1,19664,5014364,108073,5122437
2021-04-28,20632,419,2.0,21051,4995114,107659,5102773
2021-04-27,20978,481,2.2,21459,4974482,107240,5081722
2021-04-26,24360,502,2.0,24862,4953504,106759,5060263
2021-04-25,9278,317,3.3,9595,4929144,106257,5035401
2021-04-24,9584,287,2.9,9871,4919866,105940,5025806
2021-04-23,20257,510,2.5,20767,4910282,105653,5015935
2021-04-22,19100,463,2.4,19563,4890025,105143,4995168
2021-04-21,19097,538,2.7,19635,4870925,104680,4975605
2021-04-20,18374,532,2.8,18906,4851828,104142,4955970
2021-04-19,22264,575,2.5,22839,4833454,103610,4937064
2021-04-18,8628,346,3.9,8974,4811190,103035,4914225
2021-04-17,9185,331,3.5,9516,4802562,102689,4905251
2021-04-16,17743,579,3.2,18322,4793377,102358,4895735
2021-04-15,19167,549,2.8,19716,4775634,101779,4877413
2021-04-14,21361,601,2.7,21962,4756467,101230,4857697
2021-04-13,20973,595,2.8,21568,4735106,100629,4835735
2021-04-12,27002,738,2.7,27740,4714133,100034,4814167
2021-04-11,10768,396,3.5,11164,4687131,99296,4786427
2021-04-10,12613,496,3.8,13109,4676363,98900,4775263
2021-04-09,23393,712,3.0,24105,4663750,98404,4762154
2021-04-08,22336,770,3.3,23106,4640357,97692,4738049
2021-04-07,25321,848,3.2,26169,4618021,96922,4714943
2021-04-06,30451,888,2.8,31339,4592700,96074,4688774
2021-04-05,16024,715,4.3,16739,4562249,95186,4657435
2021-04-04,10736,653,5.7,11389,4546225,94471,4640696
2021-04-03,10249,612,5.6,10861,4535489,93818,4629307
2021-04-02,10676,700,6.2,11376,4525240,93206,4618446
2021-04-01,9903,624,5.9,10527,4514564,92506,4607070
2021-03-31,17607,806,4.4,18413,4504661,91882,4596543
2021-03-30,20996,849,3.9,21845,4487054,91076,4578130
2021-03-29,29532,865,2.8,30397,4466058,90227,4556285
2021-03-28,13639,477,3.4,14116,4436526,89362,4525888
2021-03-27,17196,602,3.4,17798,4422887,88885,4511772
2021-03-26,32138,895,2.7,33033,4405691,88283,4493974
2021-03-25,32519,871,2.6,33390,4373553,87388,4460941
2021-03-24,33772,1001,2.9,34773,4341034,86517,4427551
2021-03-23,31964,967,2.9,32931,4307262,85516,4392778
2021-03-22,35962,1107,3.0,37069,4275298,84549,4359847
2021-03-21,14951,649,4.2,15600,4239336,83442,4322778
2021-03-20,16539,709,4.1,17248,4224385,82793,4307178
2021-03-19,29090,1001,3.3,30091,4207846,82084,4289930
2021-03-18,30682,1044,3.3,31726,4178756,81083,4259839
2021-03-17,31733,1058,3.2,32791,4148074,80039,4228113
2021-03-16,29883,1007,3.3,30890,4116341,78981,4195322
2021-03-15,34308,1107,3.1,35415,4086458,77974,4164432
2021-03-14,15846,698,4.2,16544,4052150,76867,4129017
2021-03-13,16353,737,4.3,17090,4036304,76169,4112473
2021-03-12,28855,950,3.2,29805,4019951,75432,4095383
2021-03-11,29775,780,2.6,30555,3991096,74482,4065578
2021-03-10,30685,856,2.7,31541,3961321,73702,4035023
2021-03-09,30870,798,2.5,31668,3930636,72846,4003482
2021-03-08,35083,846,2.4,35929,3899766,72048,3971814
2021-03-07,14943,572,3.7,15515,3864683,71202,3935885
2021-03-06,15199,465,3.0,15664,3849740,70630,3920370
2021-03-05,25510,703,2.7,26213,3834541,70165,3904706
2021-03-04,24277,601,2.4,24878,3809031,69462,3878493
2021-03-03,23777,658,2.7,24435,3784754,68861,3853615
2021-03-02,23333,639,2.7,23972,3760977,68203,3829180
2021-03-01,26385,552,2.0,26937,3737644,67564,3805208
2021-02-28,10929,392,3.5,11321,3711259,67012,3778271
2021-02-27,10164,382,3.6,10546,3700330,66620,3766950
2021-02-26,19113,493,2.5,19606,3690166,66238,3756404
2021-02-25,18209,527,2.8,18736,3671053,65745,3736798
2021-02-24,17785,461,2.5,18246,3652844,65218,3718062
2021-02-23,16656,445,2.6,17101,3635059,64757,3699816
2021-02-22,20128,411,2.0,20539,3618403,64312,3682715
2021-02-21,7445,221,2.9,7666,3598275,63901,3662176
2021-02-20,8697,216,2.4,8913,3590830,63680,3654510
2021-02-19,17776,338,1.9,18114,3582133,63464,3645597
2021-02-18,18451,302,1.6,18753,3564357,63126,3627483
2021-02-17,19560,320,1.6,19880,3545906,62824,3608730
2021-02-16,19375,305,1.5,19680,3526346,62504,3588850
2021-02-15,21930,332,1.5,22262,3506971,62199,3569170
2021-02-14,6575,160,2.4,6735,3485041,61867,3546908
2021-02-13,8183,185,2.2,8368,3478466,61707,3540173
2021-02-12,17852,247,1.4,18099,3470283,61522,3531805
2021-02-11,17544,262,1.5,17806,3452431,61275,3513706
2021-02-10,19113,310,1.6,19423,3434887,61013,3495900
2021-02-09,20705,270,1.3,20975,3415774,60703,3476477
2021-02-08,22618,301,1.3,22919,3395069,60433,3455502
2021-02-07,6711,167,2.4,6878,3372451,60132,3432583
2021-02-06,7395,198,2.6,7593,3365740,59965,3425705
2021-02-05,15785,288,1.8,16073,3358345,59767,3418112
2021-02-04,17378,253,1.4,17631,3342560,59479,3402039
2021-02-03,17634,325,1.8,17959,3325182,59226,3384408
2021-02-02,17522,294,1.7,17816,3307548,58901,3366449
2021-02-01,22310,319,1.4,22629,3290026,58607,3348633
2021-01-31,6954,183,2.6,7137,3267716,58288,3326004
2021-01-30,7140,175,2.4,7315,3260762,58105,3318867
2021-01-29,17653,295,1.6,17948,3253622,57930,3311552
2021-01-28,20153,285,1.4,20438,3235969,57635,3293604
2021-01-27,20405,344,1.7,20749,3215816,57350,3273166
2021-01-26,21071,276,1.3,21347,3195411,57006,3252417
2021-01-25,27557,387,1.4,27944,3174340,56730,3231070
2021-01-24,9391,189,2.0,9580,3146783,56343,3203126
2021-01-23,8278,212,2.5,8490,3137392,56154,3193546
2021-01-22,14746,331,2.2,15077,3129114,55942,3185056
2021-01-21,14904,347,2.3,15251,3114368,55611,3169979
2021-01-20,17211,355,2.0,17566,3099464,55264,3154728
2021-01-19,17512,342,1.9,17854,3082253,54909,3137162
2021-01-18,22875,446,1.9,23321,3064741,54567,3119308
2021-01-17,8424,226,2.6,8650,3041866,54121,3095987
2021-01-16,8402,267,3.1,8669,3033442,53895,3087337
2021-01-15,18201,398,2.1,18599,3025040,53628,3078668
2021-01-14,19752,454,2.2,20206,3006839,53230,3060069
2021-01-13,21799,462,2.1,22261,2987087,52776,3039863
2021-01-12,22964,563,2.4,23527,2965288,52314,3017602
2021-01-11,31977,639,2.0,32616,2942324,51751,2994075
2021-01-10,14242,435,3.0,14677,2910347,51112,2961459
2021-01-09,14980,414,2.7,15394,2896105,50677,2946782
2021-01-08,26988,651,2.4,27639,2881125,50263,2931388
2021-01-07,28478,739,2.5,29217,2854137,49612,2903749
2021-01-06,29110,710,2.4,29820,2825659,48873,2874532
2021-01-05,30901,795,2.5,31696,2796549,48163,2844712
2021-01-04,37015,938,2.5,37953,2765648,47368,2813016
2021-01-03,14863,447,2.9,15310,2728633,46430,2775063
2021-01-02,14824,526,3.4,15350,2713770,45983,2759753
2021-01-01,6922,346,4.8,7268,2698946,45457,2744403
2020-12-31,8632,434,4.8,9066,2692024,45111,2737135
2020-12-30,18463,639,3.3,19102,2683392,44677,2728069
2020-12-29,18633,699,3.6,19332,2664929,44038,2708967
2020-12-28,21000,778,3.6,21778,2646296,43339,2689635
2020-12-27,9891,425,4.1,10316,2625296,42561,2667857
2020-12-26,10472,466,4.3,10938,2615405,42136,2657541
2020-12-25,6305,293,4.4,6598,2604933,41670,2646603
2020-12-24,5797,292,4.8,6089,2598628,41377,2640005
2020-12-23,17762,587,3.2,18349,2592831,41085,2633916
2020-12-22,25994,560,2.1,26554,2575069,40498,2615567
2020-12-21,31224,621,2.0,31845,2549075,39938,2589013
2020-12-20,12423,299,2.4,12722,2517851,39317,2557168
2020-12-19,13004,309,2.3,13313,2505428,39018,2544446
2020-12-18,23802,475,2.0,24277,2492424,38709,2531133
2020-12-17,23535,431,1.8,23966,2468622,38234,2506856
2020-12-16,22686,450,1.9,23136,2445087,37803,2482890
2020-12-15,22177,440,1.9,22617,2422401,37353,2459754
2020-12-14,25583,544,2.1,26127,2400224,36913,2437137
2020-12-13,8856,285,3.1,9141,2374641,36369,2411010
2020-12-12,8723,256,2.9,8979,2365785,36084,2401869
2020-12-11,17416,403,2.3,17819,2357062,35828,2392890
2020-12-10,18893,435,2.3,19328,2339646,35425,2375071
2020-12-09,18475,453,2.4,18928,2320753,34990,2355743
2020-12-08,18658,392,2.1,19050,2302278,34537,2336815
2020-12-07,23210,500,2.1,23710,2283620,34145,2317765
2020-12-06,7102,262,3.6,7364,2260410,33645,2294055
2020-12-05,6557,252,3.7,6809,2253308,33383,2286691
2020-12-04,15321,382,2.4,15703,2246751,33131,2279882
2020-12-03,17186,400,2.3,17586,2231430,32749,2264179
2020-12-02,17251,420,2.4,17671,2214244,32349,2246593
2020-12-01,18021,362,2.0,18383,2196993,31929,2228922
2020-11-30,22584,448,1.9,23032,2178972,31567,2210539
2020-11-29,6884,228,3.2,7112,2156388,31119,2187507
2020-11-28,6784,236,3.4,7020,2149504,30891,2180395
2020-11-27,15500,447,2.8,15947,2142720,30655,2173375
2020-11-26,18134,477,2.6,18611,2127220,30208,2157428
2020-11-25,18929,513,2.6,19442,2109086,29731,2138817
2020-11-24,19120,415,2.1,19535,2090157,29218,2119375
2020-11-23,25193,610,2.4,25803,2071037,28803,2099840
2020-11-22,8087,279,3.3,8366,2045844,28193,2074037
2020-11-21,8011,288,3.5,8299,2037757,27914,2065671
2020-11-20,17626,519,2.9,18145,2029746,27626,2057372
2020-11-19,18825,564,2.9,19389,2012120,27107,2039227
2020-11-18,20974,652,3.0,21626,1993295,26543,2019838
2020-11-17,21198,635,2.9,21833,1972321,25891,1998212
2020-11-16,27828,722,2.5,28550,1951123,25256,1976379
2020-11-15,10556,405,3.7,10961,1923295,24534,1947829
2020-11-14,9537,379,3.8,9916,1912739,24129,1936868
2020-11-13,21475,697,3.1,22172,1903202,23750,1926952
2020-11-12,23054,637,2.7,23691,1881727,23053,1904780
2020-11-11,23201,662,2.8,23863,1858673,22416,1881089
2020-11-10,25130,603,2.3,25733,1835472,21754,1857226
2020-11-09,30461,707,2.3,31168,1810342,21151,1831493
2020-11-08,11366,385,3.3,11751,1779881,20444,1800325
2020-11-07,12178,388,3.1,12566,1768515,20059,1788574
2020-11-06,26732,650,2.4,27382,1756337,19671,1776008
2020-11-05,27292,602,2.2,27894,1729605,19021,1748626
2020-11-04,25188,690,2.7,25878,1702313,18419,1720732
2020-11-03,26651,683,2.5,27334,1677125,17729,1694854
2020-11-02,27396,647,2.3,28043,1650474,17046,1667520
2020-11-01,9428,323,3.3,9751,1623078,16399,1639477
2020-10-31,9258,385,4.0,9643,1613650,16076,1629726
2020-10-30,20073,617,3.0,20690,1604392,15691,1620083
2020-10-29,20664,431,2.0,21095,1584319,15074,1599393
2020-10-28,20850,515,2.4,21365,1563655,14643,1578298
2020-10-27,20683,391,1.9,21074,1542805,14128,1556933
2020-10-26,23166,487,2.1,23653,1522122,13737,1535859
2020-10-25,7636,202,2.6,7838,1498956,13250,1512206
2020-10-24,7300,231,3.1,7531,1491320,13048,1504368
2020-10-23,15122,368,2.4,15490,1484020,12817,1496837
2020-10-22,15380,285,1.8,15665,1468898,12449,1481347
2020-10-21,16046,221,1.4,16267,1453518,12164,1465682
2020-10-20,16895,183,1.1,17078,1437472,11943,1449415
2020-10-19,20536,219,1.1,20755,1420577,11760,1432337
2020-10-18,6348,93,1.4,6441,1400041,11541,1411582
2020-10-17,5885,88,1.5,5973,1393693,11448,1405141
2020-10-16,13008,137,1.0,13145,1387808,11360,1399168
2020-10-15,13713,141,1.0,13854,1374800,11223,1386023
2020-10-14,15179,162,1.1,15341,1361087,11082,1372169
2020-10-13,15681,155,1.0,15836,1345908,10920,1356828
2020-10-12,19760,167,0.8,19927,1330227,10765,1340992
2020-10-11,6411,78,1.2,6489,1310467,10598,1321065
2020-10-10,5864,65,1.1,5929,1304056,10520,1314576
2020-10-09,12682,141,1.1,12823,1298192,10455,1308647
2020-10-08,12967,168,1.3,13135,1285510,10314,1295824
2020-10-07,14171,199,1.4,14370,1272543,10146,1282689
2020-10-06,14819,198,1.3,15017,1258372,9947,1268319
2020-10-05,19146,209,1.1,19355,1243553,9749,1253302
2020-10-04,5951,89,1.5,6040,1224407,9540,1233947
2020-10-03,5723,110,1.9,5833,1218456,9451,1227907
2020-10-02,13067,134,1.0,13201,1212733,9341,1222074
2020-10-01,12824,131,1.0,12955,1199666,9207,1208873
2020-09-30,14880,120,0.8,15000,1186842,9076,1195918
2020-09-29,15429,110,0.7,15539,1171962,8956,1180918
2020-09-28,19133,124,0.6,19257,1156533,8846,1165379
2020-09-27,5935,54,0.9,5989,1137400,8722,1146122
2020-09-26,5981,63,1.0,6044,1131465,8668,1140133
2020-09-25,13780,130,0.9,13910,1125484,8605,1134089
2020-09-24,14367,133,0.9,14500,1111704,8475,1120179
2020-09-23,16242,143,0.9,16385,1097337,8342,1105679
2020-09-22,16713,101,0.6,16814,1081095,8199,1089294
2020-09-21,20661,163,0.8,20824,1064382,8098,1072480
2020-09-20,5746,77,1.3,5823,1043721,7935,1051656
2020-09-19,5788,58,1.0,5846,1037975,7858,1045833
2020-09-18,14062,94,0.7,14156,1032187,7800,1039987
2020-09-17,15176,117,0.8,15293,1018125,7706,1025831
2020-09-16,17569,137,0.8,17706,1002949,7589,1010538
2020-09-15,18887,133,0.7,19020,985380,7452,992832
2020-09-14,21444,104,0.5,21548,966493,7319,973812
2020-09-13,6697,78,1.2,6775,945049,7215,952264
2020-09-12,7049,67,0.9,7116,938352,7137,945489
2020-09-11,14875,119,0.8,14994,931303,7070,938373
2020-09-10,15571,132,0.8,15703,916428,6951,923379
2020-09-09,17834,124,0.7,17958,900857,6819,907676
2020-09-08,18772,113,0.6,18885,883023,6695,889718
2020-09-07,20908,132,0.6,21040,864251,6582,870833
2020-09-06,6372,60,0.9,6432,843343,6450,849793
2020-09-05,5949,73,1.2,6022,836971,6390,843361
2020-09-04,15489,119,0.8,15608,831022,6317,837339
2020-09-03,17624,125,0.7,17749,815533,6198,821731
2020-09-02,19101,101,0.5,19202,797909,6073,803982
2020-09-01,20336,115,0.6,20451,778808,5972,784780
2020-08-31,22596,148,0.7,22744,758472,5857,764329
2020-08-30,6748,50,0.7,6798,735876,5709,741585
2020-08-29,6357,42,0.7,6399,729128,5659,734787
2020-08-28,16420,84,0.5,16504,722771,5617,728388
2020-08-27,17296,52,0.3,17348,706351,5533,711884
2020-08-26,18827,40,0.2,18867,689055,5481,694536
2020-08-25,19356,42,0.2,19398,670228,5441,675669
2020-08-24,21132,67,0.3,21199,650872,5399,656271
2020-08-23,6948,19,0.3,6967,629740,5332,635072
2020-08-22,6773,45,0.7,6818,622792,5313,628105
2020-08-21,15223,53,0.3,15276,616019,5268,621287
2020-08-20,15623,51,0.3,15674,600796,5215,606011
2020-08-19,16480,60,0.4,16540,585173,5164,590337
2020-08-18,16937,58,0.3,16995,568693,5104,573797
2020-08-17,18207,74,0.4,18281,551756,5046,556802
2020-08-16,5274,27,0.5,5301,533549,4972,538521
2020-08-15,5995,44,0.7,6039,528275,4945,533220
2020-08-14,13713,76,0.6,13789,522280,4901,527181
2020-08-13,13223,54,0.4,13277,508567,4825,513392
2020-08-12,13386,63,0.5,13449,495344,4771,500115
2020-08-11,12934,43,0.3,12977,481958,4708,486666
2020-08-10,13445,63,0.5,13508,469024,4665,473689
2020-08-09,3140,34,1.1,3174,455579,4602,460181
2020-08-08,3266,35,1.1,3301,452439,4568,457007
2020-08-07,8367,80,0.9,8447,449173,4533,453706
2020-08-06,8616,79,0.9,8695,440806,4453,445259
2020-08-05,8699,66,0.8,8765,432190,4374,436564
2020-08-04,8406,40,0.5,8446,423491,4308,427799
2020-08-03,9290,38,0.4,9328,415085,4268,419353
2020-08-02,1892,13,0.7,1905,405795,4230,410025
2020-08-01,2100,14,0.7,2114,403903,4217,408120
2020-07-31,5396,72,1.3,5468,401803,4203,406006
2020-07-30,5545,23,0.4,5568,396407,4131,400538
2020-07-29,5860,37,0.6,5897,390862,4108,394970
2020-07-28,5880,16,0.3,5896,385002,4071,389073
2020-07-27,6860,24,0.3,6884,379122,4055,383177
2020-07-26,1464,9,0.6,1473,372262,4031,376293
2020-07-25,1703,6,0.4,1709,370798,4022,374820
2020-07-24,4501,24,0.5,4525,369095,4016,373111
2020-07-23,4479,6,0.1,4485,364594,3992,368586
2020-07-22,4908,22,0.4,4930,360115,3986,364101
2020-07-21,4819,6,0.1,4825,355207,3964,359171
2020-07-20,6003,21,0.3,6024,350388,3958,354346
2020-07-19,1347,3,0.2,1350,344385,3937,348322
2020-07-18,1420,1,0.1,1421,343038,3934,346972
2020-07-17,4135,12,0.3,4147,341618,3933,345551
2020-07-16,4558,4,0.1,4562,337483,3921,341404
2020-07-15,5403,6,0.1,5409,332925,3917,336842
2020-07-14,5260,8,0.2,5268,327522,3911,331433
2020-07-13,6358,19,0.3,6377,322262,3903,326165
2020-07-12,1196,5,0.4,1201,315904,3884,319788
2020-07-11,1393,4,0.3,1397,314708,3879,318587
2020-07-10,4690,13,0.3,4703,313315,3875,317190
2020-07-09,4811,8,0.2,4819,308625,3862,312487
2020-07-08,5296,11,0.2,5307,303814,3854,307668
2020-07-07,5341,10,0.2,5351,298518,3843,302361
2020-07-06,6314,14,0.2,6328,293177,3833,297010
2020-07-05,1198,1,0.1,1199,286863,3819,290682
2020-07-04,1428,2,0.1,1430,285665,3818,289483
2020-07-03,4533,10,0.2,4543,284237,3816,288053
2020-07-02,4740,9,0.2,4749,279704,3806,283510
2020-07-01,5116,8,0.2,5124,274964,3797,278761
2020-06-30,5021,11,0.2,5032,269848,3789,273637
2020-06-29,5922,26,0.4,5948,264827,3778,268605
2020-06-28,992,1,0.1,993,258905,3752,262657
2020-06-27,1106,10,0.9,1116,257913,3751,261664
2020-06-26,3913,22,0.6,3935,256807,3741,260548
2020-06-25,4163,17,0.4,4180,252894,3719,256613
2020-06-24,4615,21,0.5,4636,248731,3702,252433
2020-06-23,4653,13,0.3,4666,244116,3681,247797
2020-06-22,5010,28,0.6,5038,239463,3668,243131
2020-06-21,1030,4,0.4,1034,234453,3640,238093
2020-06-20,1059,6,0.6,1065,233423,3636,237059
2020-06-19,3797,18,0.5,3815,232364,3630,235994
2020-06-18,4552,13,0.3,4565,228567,3612,232179
2020-06-17,4970,15,0.3,4985,224015,3599,227614
2020-06-16,5417,36,0.7,5453,219045,3584,222629
2020-06-15,5837,18,0.3,5855,213628,3548,217176
2020-06-14,1129,6,0.5,1135,207791,3530,211321
2020-06-13,1242,7,0.6,1249,206662,3524,210186
2020-06-12,4622,13,0.3,4635,205420,3517,208937
2020-06-11,4858,11,0.2,4869,200798,3504,204302
2020-06-10,4548,14,0.3,4562,195940,3493,199433
2020-06-09,5649,13,0.2,5662,191392,3479,194871
2020-06-08,5736,19,0.3,5755,185743,3466,189209
2020-06-07,940,9,0.9,949,180007,3447,183454
2020-06-06,944,8,0.8,952,179067,3438,182505
2020-06-05,2905,30,1.0,2935,178123,3430,181553
2020-06-04,2913,17,0.6,2930,175218,3400,178618
2020-06-03,3127,12,0.4,3139,172305,3383,175688
2020-06-02,3819,31,0.8,3850,169178,3371,172549
2020-06-01,739,7,0.9,746,165359,3340,168699
2020-05-31,630,6,0.9,636,164620,3333,167953
2020-05-30,0,0,0.0,0,163990,3327,167317
2020-05-29,2579,16,0.6,2595,163990,3327,167317
2020-05-28,2771,16,0.6,2787,161411,3311,164722
2020-05-27,3272,18,0.5,3290,158640,3295,161935
2020-05-26,3446,12,0.3,3458,155368,3277,158645
2020-05-25,4058,18,0.4,4076,151922,3265,155187
2020-05-24,895,6,0.7,901,147864,3247,151111
2020-05-23,1036,6,0.6,1042,146969,3241,150210
2020-05-22,3322,26,0.8,3348,145933,3235,149168
2020-05-21,1136,14,1.2,1150,142611,3209,145820
2020-05-20,3936,19,0.5,3955,141475,3195,144670
2020-05-19,4644,20,0.4,4664,137539,3176,140715
2020-05-18,4396,17,0.4,4413,132895,3156,136051
2020-05-17,664,4,0.6,668,128499,3139,131638
2020-05-16,1301,13,1.0,1314,127835,3135,130970
2020-05-15,4156,23,0.6,4179,126534,3122,129656
2020-05-14,4183,24,0.6,4207,122378,3099,125477
2020-05-13,4453,19,0.4,4472,118195,3075,121270
2020-05-12,4780,19,0.4,4799,113742,3056,116798
2020-05-11,4380,25,0.6,4405,108962,3037,111999
2020-05-10,993,12,1.2,1005,104582,3012,107594
2020-05-09,1293,11,0.8,1304,103589,3000,106589
2020-05-08,3762,42,1.1,3804,102296,2989,105285
2020-05-07,3722,29,0.8,3751,98534,2947,101481
2020-05-06,4246,39,0.9,4285,94812,2918,97730
2020-05-05,4274,44,1.0,4318,90566,2879,93445
2020-05-04,4687,45,1.0,4732,86292,2835,89127
2020-05-03,1220,44,3.5,1264,81605,2790,84395
2020-05-02,1531,23,1.5,1554,80385,2746,83131
2020-05-01,1467,43,2.8,1510,78854,2723,81577
2020-04-30,4400,39,0.9,4439,77387,2680,80067
2020-04-29,3918,39,1.0,3957,72987,2641,75628
2020-04-28,4065,50,1.2,4115,69069,2602,71671
2020-04-27,4033,71,1.7,4104,65004,2552,67556
2020-04-26,939,37,3.8,976,60971,2481,63452
2020-04-25,1109,25,2.2,1134,60032,2444,62476
2020-04-24,3232,53,1.6,3285,58923,2419,61342
2020-04-23,2902,69,2.3,2971,55691,2366,58057
2020-04-22,3270,77,2.3,3347,52789,2297,55086
2020-04-21,3507,78,2.2,3585,49519,2220,51739
2020-04-20,3691,84,2.2,3775,46012,2142,48154
2020-04-19,1108,36,3.1,1144,42321,2058,44379
2020-04-18,1127,49,4.2,1176,41213,2022,43235
2020-04-17,3023,108,3.4,3131,40086,1973,42059
2020-04-16,3030,80,2.6,3110,37063,1865,38928
2020-04-15,3330,103,3.0,3433,34033,1785,35818
2020-04-14,3243,122,3.6,3365,30703,1682,32385
2020-04-13,1243,77,5.8,1320,27460,1560,29020
2020-04-12,1171,77,6.2,1248,26217,1483,27700
2020-04-11,1314,110,7.7,1424,25046,1406,26452
2020-04-10,1295,68,5.0,1363,23732,1296,25028
2020-04-09,1229,103,7.7,1332,22437,1228,23665
2020-04-08,2162,106,4.7,2268,21208,1125,22333
2020-04-07,2837,140,4.7,2977,19046,1019,20065
2020-04-06,3369,159,4.5,3528,16209,879,17088
2020-04-05,1048,72,6.4,1120,12840,720,13560
2020-04-04,1301,88,6.3,1389,11792,648,12440
2020-04-03,3394,164,4.6,3558,10491,560,11051
2020-04-02,3361,198,5.6,3559,7097,396,7493
2020-04-01,3736,198,5.0,3934,3736,198,3934
